1.000000000000000000e+00 -0.000000000000000000e+00 0.000000000000000000e+00 -5.000000000000000000e+00 0.000000000000000000e+00 1.000000000000000000e+00 0.000000000000000000e+00 -8.000000000000000000e+00 0.000000000000000000e+00 0.000000000000000000e+00 1.000000000000000000e+00 0.000000000000000000e+00
1.000000000000000000e+00 -0.000000000000000000e+00 0.000000000000000000e+00 -4.549999999999999822e+00 0.000000000000000000e+00 1.000000000000000000e+00 0.000000000000000000e+00 -8.000000000000000000e+00 0.000000000000000000e+00 0.000000000000000000e+00 1.000000000000000000e+00 0.000000000000000000e+00
1.000000000000000000e+00 -0.000000000000000000e+00 0.000000000000000000e+00 -4.099999999999999645e+00 0.000000000000000000e+00 1.000000000000000000e+00 0.000000000000000000e+00 -8.000000000000000000e+00 0.000000000000000000e+00 0.000000000000000000e+00 1.000000000000000000e+00 0.000000000000000000e+00
1.000000000000000000e+00 -0.000000000000000000e+00 0.000000000000000000e+00 -3.649999999999999467e+00 0.000000000000000000e+00 1.000000000000000000e+00 0.000000000000000000e+00 -8.000000000000000000e+00 0.000000000000000000e+00 0.000000000000000000e+00 1.000000000000000000e+00 0.000000000000000000e+00
1.000000000000000000e+00 -0.000000000000000000e+00 0.000000000000000000e+00 -3.199999999999999289e+00 0.000000000000000000e+00 1.000000000000000000e+00 0.000000000000000000e+00 -8.000000000000000000e+00 0.000000000000000000e+00 0.000000000000000000e+00 1.000000000000000000e+00 0.000000000000000000e+00
9.952141820139109862e-01 -9.771761314308763380e-02 0.000000000000000000e+00 -2.573594765403232731e+00 9.771761314308763380e-02 9.952141820139109862e-01 0.000000000000000000e+00 -7.959984279163277776e+00 0.000000000000000000e+00 0.000000000000000000e+00 1.000000000000000000e+00 0.000000000000000000e+00
9.999999893404781792e-01 -1.460104224139875705e-04 0.000000000000000000e+00 -1.920980845194966369e+00 1.460104224139875705e-04 9.999999893404781792e-01 0.000000000000000000e+00 -7.708251860022370394e+00 0.000000000000000000e+00 0.000000000000000000e+00 1.000000000000000000e+00 0.000000000000000000e+00
9.999482262332307636e-01 1.017569914136140161e-02 0.000000000000000000e+00 -1.375969799278949468e+00 -1.017569914136140161e-02 9.999482262332307636e-01 0.000000000000000000e+00 -7.723308003719597359e+00 0.000000000000000000e+00 0.000000000000000000e+00 1.000000000000000000e+00 0.000000000000000000e+00
9.908674536475726713e-01 -1.348394945925538435e-01 0.000000000000000000e+00 -8.847887986989280140e-01 1.348394945925538435e-01 9.908674536475726713e-01 0.000000000000000000e+00 -7.713901269667309712e+00 0.000000000000000000e+00 0.000000000000000000e+00 1.000000000000000000e+00 0.000000000000000000e+00
9.839084729039053734e-01 -1.786732127318051977e-01 0.000000000000000000e+00 -3.651303530457492563e-01 1.786732127318051977e-01 9.839084729039053734e-01 0.000000000000000000e+00 -7.630905321501715299e+00 0.000000000000000000e+00 0.000000000000000000e+00 1.000000000000000000e+00 0.000000000000000000e+00
9.873667885281094403e-01 -1.584513329438654028e-01 0.000000000000000000e+00 8.376376874277116635e-02 1.584513329438654028e-01 9.873667885281094403e-01 0.000000000000000000e+00 -7.397536803437776420e+00 0.000000000000000000e+00 0.000000000000000000e+00 1.000000000000000000e+00 0.000000000000000000e+00
9.953785555125916895e-01 9.602880414576832335e-02 0.000000000000000000e+00 5.725233495329165034e-01 -9.602880414576832335e-02 9.953785555125916895e-01 0.000000000000000000e+00 -7.405603680871199579e+00 0.000000000000000000e+00 0.000000000000000000e+00 1.000000000000000000e+00 0.000000000000000000e+00
9.855181155228200929e-01 1.695701741944890262e-01 0.000000000000000000e+00 1.093804570295821454e+00 -1.695701741944890262e-01 9.855181155228200929e-01 0.000000000000000000e+00 -7.369049138450195713e+00 0.000000000000000000e+00 0.000000000000000000e+00 1.000000000000000000e+00 0.000000000000000000e+00
9.862837232123652376e-01 1.650588298951454758e-01 0.000000000000000000e+00 1.736314448175818370e+00 -1.650588298951454758e-01 9.862837232123652376e-01 0.000000000000000000e+00 -7.627174357425712259e+00 0.000000000000000000e+00 0.000000000000000000e+00 1.000000000000000000e+00 0.000000000000000000e+00
9.998217444490972161e-01 1.888066012522073012e-02 0.000000000000000000e+00 2.186980359529473006e+00 -1.888066012522073012e-02 9.998217444490972161e-01 0.000000000000000000e+00 -7.547185677112475233e+00 0.000000000000000000e+00 0.000000000000000000e+00 1.000000000000000000e+00 0.000000000000000000e+00
9.942102193523523201e-01 1.074524999027361843e-01 0.000000000000000000e+00 2.653106120877856355e+00 -1.074524999027361843e-01 9.942102193523523201e-01 0.000000000000000000e+00 -7.518165014133620261e+00 0.000000000000000000e+00 0.000000000000000000e+00 1.000000000000000000e+00 0.000000000000000000e+00
9.957686447962091902e-01 9.189562579753683680e-02 0.000000000000000000e+00 2.899829507450724986e+00 -9.189562579753683680e-02 9.957686447962091902e-01 0.000000000000000000e+00 -7.579824267288623574e+00 0.000000000000000000e+00 0.000000000000000000e+00 1.000000000000000000e+00 0.000000000000000000e+00
9.914633277158437785e-01 1.303858496717541227e-01 0.000000000000000000e+00 3.481483230859423461e+00 -1.303858496717541227e-01 9.914633277158437785e-01 0.000000000000000000e+00 -7.512753916843918134e+00 0.000000000000000000e+00 0.000000000000000000e+00 1.000000000000000000e+00 0.000000000000000000e+00
9.630310651357433249e-01 2.693903628259846639e-01 0.000000000000000000e+00 3.883997872297634935e+00 -2.693903628259846639e-01 9.630310651357433249e-01 0.000000000000000000e+00 -7.671446130300193289e+00 0.000000000000000000e+00 0.000000000000000000e+00 1.000000000000000000e+00 0.000000000000000000e+00
9.480570258991204424e-01 3.181004175465891870e-01 0.000000000000000000e+00 4.205594740851370972e+00 -3.181004175465891870e-01 9.480570258991204424e-01 0.000000000000000000e+00 -7.558840788327656490e+00 0.000000000000000000e+00 0.000000000000000000e+00 1.000000000000000000e+00 0.000000000000000000e+00
9.699000992465987014e-01 2.435031775592218783e-01 0.000000000000000000e+00 4.124211326187306348e+00 -2.435031775592218783e-01 9.699000992465987014e-01 0.000000000000000000e+00 -7.663677770812676648e+00 0.000000000000000000e+00 0.000000000000000000e+00 1.000000000000000000e+00 0.000000000000000000e+00
9.682035657047609600e-01 2.501636571458505931e-01 0.000000000000000000e+00 4.369902503032430552e+00 -2.501636571458505931e-01 9.682035657047609600e-01 0.000000000000000000e+00 -7.712140358686177422e+00 0.000000000000000000e+00 0.000000000000000000e+00 1.000000000000000000e+00 0.000000000000000000e+00
9.789457066980251643e-01 2.041208057438145540e-01 0.000000000000000000e+00 4.805901084949020685e+00 -2.041208057438145540e-01 9.789457066980251643e-01 0.000000000000000000e+00 -7.807358915110404141e+00 0.000000000000000000e+00 0.000000000000000000e+00 1.000000000000000000e+00 0.000000000000000000e+00
9.994366873318905053e-01 3.356051273531063944e-02 0.000000000000000000e+00 5.224448178243116025e+00 -3.356051273531063944e-02 9.994366873318905053e-01 0.000000000000000000e+00 -7.781453918926290569e+00 0.000000000000000000e+00 0.000000000000000000e+00 1.000000000000000000e+00 0.000000000000000000e+00
9.954427628854168875e-01 -9.536092396284556738e-02 0.000000000000000000e+00 5.661866239856206739e+00 9.536092396284556738e-02 9.954427628854168875e-01 0.000000000000000000e+00 -7.791611256810564434e+00 0.000000000000000000e+00 0.000000000000000000e+00 1.000000000000000000e+00 0.000000000000000000e+00
9.839262275042210959e-01 -1.785754149632916288e-01 0.000000000000000000e+00 5.997283950277268794e+00 1.785754149632916288e-01 9.839262275042210959e-01 0.000000000000000000e+00 -7.727327305307353456e+00 0.000000000000000000e+00 0.000000000000000000e+00 1.000000000000000000e+00 0.000000000000000000e+00
9.539348102083491376e-01 -3.000139627963351874e-01 0.000000000000000000e+00 6.212845059677890802e+00 3.000139627963351874e-01 9.539348102083491376e-01 0.000000000000000000e+00 -7.601101280445798913e+00 0.000000000000000000e+00 0.000000000000000000e+00 1.000000000000000000e+00 0.000000000000000000e+00
9.289150040227082128e-01 -3.702930127635302715e-01 0.000000000000000000e+00 6.411566129882817933e+00 3.702930127635302715e-01 9.289150040227082128e-01 0.000000000000000000e+00 -7.418847852723352787e+00 0.000000000000000000e+00 0.000000000000000000e+00 1.000000000000000000e+00 0.000000000000000000e+00
8.485435445914031316e-01 -5.291255549793993929e-01 0.000000000000000000e+00 6.742543276309877598e+00 5.291255549793993929e-01 8.485435445914031316e-01 0.000000000000000000e+00 -7.135260928783411671e+00 0.000000000000000000e+00 0.000000000000000000e+00 1.000000000000000000e+00 0.000000000000000000e+00
7.226617246445213860e-01 -6.912018748048980310e-01 0.000000000000000000e+00 7.214186889750298093e+00 6.912018748048980310e-01 7.226617246445213860e-01 0.000000000000000000e+00 -6.906590667152265439e+00 0.000000000000000000e+00 0.000000000000000000e+00 1.000000000000000000e+00 0.000000000000000000e+00
-6.443579915961937798e-01 7.647239885515031421e-01 0.000000000000000000e+00 7.472228559270066128e+00 -7.647239885515031421e-01 -6.443579915961937798e-01 0.000000000000000000e+00 -6.686238968605699107e+00 0.000000000000000000e+00 0.000000000000000000e+00 1.000000000000000000e+00 0.000000000000000000e+00
-6.062617271301518063e-01 7.952651873539827720e-01 0.000000000000000000e+00 7.707052403399607066e+00 -7.952651873539827720e-01 -6.062617271301518063e-01 0.000000000000000000e+00 -6.310796336885040603e+00 0.000000000000000000e+00 0.000000000000000000e+00 1.000000000000000000e+00 0.000000000000000000e+00
-5.968976988484417934e-01 8.023173543613741909e-01 0.000000000000000000e+00 7.882333977395292735e+00 -8.023173543613741909e-01 -5.968976988484417934e-01 0.000000000000000000e+00 -6.045581413555132677e+00 0.000000000000000000e+00 0.000000000000000000e+00 1.000000000000000000e+00 0.000000000000000000e+00
-3.489063904436620622e-01 9.371575805101161061e-01 0.000000000000000000e+00 8.134180835077442495e+00 -9.371575805101161061e-01 -3.489063904436620622e-01 0.000000000000000000e+00 -5.910830090539092474e+00 0.000000000000000000e+00 0.000000000000000000e+00 1.000000000000000000e+00 0.000000000000000000e+00
-8.550721048693847581e-02 9.963375517136461301e-01 0.000000000000000000e+00 8.118519857479379098e+00 -9.963375517136461301e-01 -8.550721048693847581e-02 0.000000000000000000e+00 -5.451225364637489079e+00 0.000000000000000000e+00 0.000000000000000000e+00 1.000000000000000000e+00 0.000000000000000000e+00
1.003933168600109616e-01 9.949478287477416805e-01 0.000000000000000000e+00 8.210876562698535608e+00 -9.949478287477416805e-01 1.003933168600109616e-01 0.000000000000000000e+00 -5.009923233769094431e+00 0.000000000000000000e+00 0.000000000000000000e+00 1.000000000000000000e+00 0.000000000000000000e+00
3.302486810535406603e-01 9.438939604968329400e-01 0.000000000000000000e+00 8.147634024244528206e+00 -9.438939604968329400e-01 3.302486810535406603e-01 0.000000000000000000e+00 -4.705131049135222732e+00 0.000000000000000000e+00 0.000000000000000000e+00 1.000000000000000000e+00 0.000000000000000000e+00
4.921912338633560591e-01 8.704870988751454153e-01 0.000000000000000000e+00 8.117901607958737387e+00 -8.704870988751454153e-01 4.921912338633560591e-01 0.000000000000000000e+00 -4.285172581949439063e+00 0.000000000000000000e+00 0.000000000000000000e+00 1.000000000000000000e+00 0.000000000000000000e+00
5.185688350793243862e-01 8.550358842086526190e-01 0.000000000000000000e+00 8.042001776173805183e+00 -8.550358842086526190e-01 5.185688350793243862e-01 0.000000000000000000e+00 -3.906408569942249720e+00 0.000000000000000000e+00 0.000000000000000000e+00 1.000000000000000000e+00 0.000000000000000000e+00
5.590262458395205414e-01 8.291499601776338713e-01 0.000000000000000000e+00 7.789701436411299085e+00 -8.291499601776338713e-01 5.590262458395205414e-01 0.000000000000000000e+00 -3.434523391564728634e+00 0.000000000000000000e+00 0.000000000000000000e+00 1.000000000000000000e+00 0.000000000000000000e+00
-5.655821176977781084e-01 -8.246919837978884393e-01 0.000000000000000000e+00 7.864059745743501750e+00 8.246919837978884393e-01 -5.655821176977781084e-01 0.000000000000000000e+00 -3.618801121035088997e+00 0.000000000000000000e+00 0.000000000000000000e+00 1.000000000000000000e+00 0.000000000000000000e+00
7.088699922324263047e-01 7.053391624689500095e-01 0.000000000000000000e+00 7.350413656500911941e+00 -7.053391624689500095e-01 7.088699922324263047e-01 0.000000000000000000e+00 -3.131606910783736542e+00 0.000000000000000000e+00 0.000000000000000000e+00 1.000000000000000000e+00 0.000000000000000000e+00
8.298848881900563468e-01 5.579346488198931864e-01 0.000000000000000000e+00 6.999459827032765702e+00 -5.579346488198931864e-01 8.298848881900563468e-01 0.000000000000000000e+00 -2.903893912059512861e+00 0.000000000000000000e+00 0.000000000000000000e+00 1.000000000000000000e+00 0.000000000000000000e+00
8.789359178705178355e-01 4.769398832946457611e-01 0.000000000000000000e+00 6.607048010922277115e+00 -4.769398832946457611e-01 8.789359178705178355e-01 0.000000000000000000e+00 -2.543379107353846980e+00 0.000000000000000000e+00 0.000000000000000000e+00 1.000000000000000000e+00 0.000000000000000000e+00
9.191224405418828569e-01 3.939720031833898184e-01 0.000000000000000000e+00 6.183243552464669612e+00 -3.939720031833898184e-01 9.191224405418828569e-01 0.000000000000000000e+00 -2.243542474633652528e+00 0.000000000000000000e+00 0.000000000000000000e+00 1.000000000000000000e+00 0.000000000000000000e+00
9.304617168238643599e-01 3.663891285575855417e-01 0.000000000000000000e+00 5.714967134304745677e+00 -3.663891285575855417e-01 9.304617168238643599e-01 0.000000000000000000e+00 -2.162434978875375169e+00 0.000000000000000000e+00 0.000000000000000000e+00 1.000000000000000000e+00 0.000000000000000000e+00
9.248753089779317982e-01 3.802705127182163247e-01 0.000000000000000000e+00 5.347703194467942289e+00 -3.802705127182163247e-01 9.248753089779317982e-01 0.000000000000000000e+00 -2.092464632200038643e+00 0.000000000000000000e+00 0.000000000000000000e+00 1.000000000000000000e+00 0.000000000000000000e+00
9.483321024140136668e-01 3.172794092452528303e-01 0.000000000000000000e+00 4.915341309036840300e+00 -3.172794092452528303e-01 9.483321024140136668e-01 0.000000000000000000e+00 -1.714747933192594775e+00 0.000000000000000000e+00 0.000000000000000000e+00 1.000000000000000000e+00 0.000000000000000000e+00
9.640545862066908223e-01 2.657042619414413109e-01 0.000000000000000000e+00 4.455388320084590958e+00 -2.657042619414413109e-01 9.640545862066908223e-01 0.000000000000000000e+00 -1.642049766595331750e+00 0.000000000000000000e+00 0.000000000000000000e+00 1.000000000000000000e+00 0.000000000000000000e+00
9.452230858557766346e-01 3.264250571958028924e-01 0.000000000000000000e+00 3.909197429067021723e+00 -3.264250571958028924e-01 9.452230858557766346e-01 0.000000000000000000e+00 -1.488211689865722942e+00 0.000000000000000000e+00 0.000000000000000000e+00 1.000000000000000000e+00 0.000000000000000000e+00
9.382191331776129628e-01 3.460417000008069732e-01 0.000000000000000000e+00 3.519345291810836329e+00 -3.460417000008069732e-01 9.382191331776129628e-01 0.000000000000000000e+00 -1.292578943871339536e+00 0.000000000000000000e+00 0.000000000000000000e+00 1.000000000000000000e+00 0.000000000000000000e+00
8.763934837203606332e-01 4.815957450938390672e-01 0.000000000000000000e+00 3.049565346421967416e+00 -4.815957450938390672e-01 8.763934837203606332e-01 0.000000000000000000e+00 -1.235814699600148003e+00 0.000000000000000000e+00 0.000000000000000000e+00 1.000000000000000000e+00 0.000000000000000000e+00
9.051892766781184374e-01 4.250086744843507569e-01 0.000000000000000000e+00 2.657903531559824284e+00 -4.250086744843507569e-01 9.051892766781184374e-01 0.000000000000000000e+00 -1.001570587903745091e+00 0.000000000000000000e+00 0.000000000000000000e+00 1.000000000000000000e+00 0.000000000000000000e+00
8.626787933944324305e-01 5.057522114904948740e-01 0.000000000000000000e+00 2.461169800202943403e+00 -5.057522114904948740e-01 8.626787933944324305e-01 0.000000000000000000e+00 -8.048587004818756885e-01 0.000000000000000000e+00 0.000000000000000000e+00 1.000000000000000000e+00 0.000000000000000000e+00
8.384234887181822860e-01 5.450193148555673162e-01 0.000000000000000000e+00 2.059640721569079957e+00 -5.450193148555673162e-01 8.384234887181822860e-01 0.000000000000000000e+00 -7.219964822460535059e-01 0.000000000000000000e+00 0.000000000000000000e+00 1.000000000000000000e+00 0.000000000000000000e+00
7.955463010472270113e-01 6.058927981830406484e-01 0.000000000000000000e+00 1.728087928355399816e+00 -6.058927981830406484e-01 7.955463010472270113e-01 0.000000000000000000e+00 -3.021168473148859723e-01 0.000000000000000000e+00 0.000000000000000000e+00 1.000000000000000000e+00 0.000000000000000000e+00
7.536257475618889368e-01 6.573037597730474468e-01 0.000000000000000000e+00 1.258602598033250031e+00 -6.573037597730474468e-01 7.536257475618889368e-01 0.000000000000000000e+00 4.307051348453416750e-02 0.000000000000000000e+00 0.000000000000000000e+00 1.000000000000000000e+00 0.000000000000000000e+00
6.734116131858486343e-01 7.392677452901844637e-01 0.000000000000000000e+00 8.957116040805990220e-01 -7.392677452901844637e-01 6.734116131858486343e-01 0.000000000000000000e+00 2.162817715908571803e-01 0.000000000000000000e+00 0.000000000000000000e+00 1.000000000000000000e+00 0.000000000000000000e+00
8.026751834554005649e-01 5.964164232018087652e-01 0.000000000000000000e+00 4.927045545355651646e-01 -5.964164232018087652e-01 8.026751834554005649e-01 0.000000000000000000e+00 5.847441843640952541e-01 0.000000000000000000e+00 0.000000000000000000e+00 1.000000000000000000e+00 0.000000000000000000e+00
7.237516657945579635e-01 6.900605236206477366e-01 0.000000000000000000e+00 1.727963146687993001e-01 -6.900605236206477366e-01 7.237516657945579635e-01 0.000000000000000000e+00 8.333549006610565524e-01 0.000000000000000000e+00 0.000000000000000000e+00 1.000000000000000000e+00 0.000000000000000000e+00
-7.932022983877918820e-01 6.089582201040760756e-01 0.000000000000000000e+00 1.648863131040815833e-01 -6.089582201040760756e-01 -7.932022983877918820e-01 0.000000000000000000e+00 7.026979925162549767e-01 0.000000000000000000e+00 0.000000000000000000e+00 1.000000000000000000e+00 0.000000000000000000e+00
7.375978358181640715e-01 6.752402776762955749e-01 0.000000000000000000e+00 -1.987766351799642173e-01 -6.752402776762955749e-01 7.375978358181640715e-01 0.000000000000000000e+00 9.230656492765142440e-01 0.000000000000000000e+00 0.000000000000000000e+00 1.000000000000000000e+00 0.000000000000000000e+00
8.014706598084921918e-01 5.980340972437443448e-01 0.000000000000000000e+00 -4.775499651278112823e-01 -5.980340972437443448e-01 8.014706598084921918e-01 0.000000000000000000e+00 1.198612894222634839e+00 0.000000000000000000e+00 0.000000000000000000e+00 1.000000000000000000e+00 0.000000000000000000e+00
8.493519740216516345e-01 5.278268885018303491e-01 0.000000000000000000e+00 -9.014159457786021790e-01 -5.278268885018303491e-01 8.493519740216516345e-01 0.000000000000000000e+00 1.511745717579984660e+00 0.000000000000000000e+00 0.000000000000000000e+00 1.000000000000000000e+00 0.000000000000000000e+00
9.253096153146598279e-01 3.792124942644112817e-01 0.000000000000000000e+00 -1.381081592053411189e+00 -3.792124942644112817e-01 9.253096153146598279e-01 0.000000000000000000e+00 1.672984154713637928e+00 0.000000000000000000e+00 0.000000000000000000e+00 1.000000000000000000e+00 0.000000000000000000e+00
9.588252425542427293e-01 2.839967504053482750e-01 0.000000000000000000e+00 -1.884699626344194856e+00 -2.839967504053482750e-01 9.588252425542427293e-01 0.000000000000000000e+00 1.654400246698061405e+00 0.000000000000000000e+00 0.000000000000000000e+00 1.000000000000000000e+00 0.000000000000000000e+00
9.602726529616324447e-01 2.790634909371488281e-01 0.000000000000000000e+00 -2.506317520648093211e+00 -2.790634909371488281e-01 9.602726529616324447e-01 0.000000000000000000e+00 1.830012662006612167e+00 0.000000000000000000e+00 0.000000000000000000e+00 1.000000000000000000e+00 0.000000000000000000e+00
9.817335367290600523e-01 1.902610387374444045e-01 0.000000000000000000e+00 -3.037365834843355650e+00 -1.902610387374444045e-01 9.817335367290600523e-01 0.000000000000000000e+00 1.916169144450916795e+00 0.000000000000000000e+00 0.000000000000000000e+00 1.000000000000000000e+00 0.000000000000000000e+00
9.999998052912218993e-01 -6.240332669791661714e-04 0.000000000000000000e+00 -3.339747504029180192e+00 6.240332669791661714e-04 9.999998052912218993e-01 0.000000000000000000e+00 1.771085753139330254e+00 0.000000000000000000e+00 0.000000000000000000e+00 1.000000000000000000e+00 0.000000000000000000e+00
9.762673149671904360e-01 -2.165689953034656556e-01 0.000000000000000000e+00 -3.767114671993583297e+00 2.165689953034656556e-01 9.762673149671904360e-01 0.000000000000000000e+00 1.583330685102543933e+00 0.000000000000000000e+00 0.000000000000000000e+00 1.000000000000000000e+00 0.000000000000000000e+00
-8.933744580497526844e-01 4.493128951012986261e-01 0.000000000000000000e+00 -4.198773740050257608e+00 -4.493128951012986261e-01 -8.933744580497526844e-01 0.000000000000000000e+00 1.494232233681682231e+00 0.000000000000000000e+00 0.000000000000000000e+00 1.000000000000000000e+00 0.000000000000000000e+00
-8.284707237471782282e-01 5.600323739694220704e-01 0.000000000000000000e+00 -4.678616892077433143e+00 -5.600323739694220704e-01 -8.284707237471782282e-01 0.000000000000000000e+00 1.024181296622993731e+00 0.000000000000000000e+00 0.000000000000000000e+00 1.000000000000000000e+00 0.000000000000000000e+00
-6.783378704531145553e-01 7.347501163723171302e-01 0.000000000000000000e+00 -4.908521727490419373e+00 -7.347501163723171302e-01 -6.783378704531145553e-01 0.000000000000000000e+00 6.507231986376308397e-01 0.000000000000000000e+00 0.000000000000000000e+00 1.000000000000000000e+00 0.000000000000000000e+00
-5.501832957805684599e-01 8.350439156379929617e-01 0.000000000000000000e+00 -5.306132794462290470e+00 -8.350439156379929617e-01 -5.501832957805684599e-01 0.000000000000000000e+00 3.542217464363060508e-01 0.000000000000000000e+00 0.000000000000000000e+00 1.000000000000000000e+00 0.000000000000000000e+00
-4.141891668267549398e-01 9.101908228955939428e-01 0.000000000000000000e+00 -5.416165991065564178e+00 -9.101908228955939428e-01 -4.141891668267549398e-01 0.000000000000000000e+00 7.875350457814511707e-03 0.000000000000000000e+00 0.000000000000000000e+00 1.000000000000000000e+00 0.000000000000000000e+00
-1.820510972141896611e-01 9.832890714347991556e-01 0.000000000000000000e+00 -5.536092629813428090e+00 -9.832890714347991556e-01 -1.820510972141896611e-01 0.000000000000000000e+00 -5.028983608008525952e-01 0.000000000000000000e+00 0.000000000000000000e+00 1.000000000000000000e+00 0.000000000000000000e+00
-5.869623691871383997e-02 9.982758896074682697e-01 0.000000000000000000e+00 -5.628078737133069609e+00 -9.982758896074682697e-01 -5.869623691871383997e-02 0.000000000000000000e+00 -8.691872755885121649e-01 0.000000000000000000e+00 0.000000000000000000e+00 1.000000000000000000e+00 0.000000000000000000e+00
3.264523798634575980e-01 9.452136497541097082e-01 0.000000000000000000e+00 -5.544433039570536792e+00 -9.452136497541097082e-01 3.264523798634575980e-01 0.000000000000000000e+00 -1.296687948574853921e+00 0.000000000000000000e+00 0.000000000000000000e+00 1.000000000000000000e+00 0.000000000000000000e+00
4.468996945998500170e-01 8.945840726094785866e-01 0.000000000000000000e+00 -5.431092160308440775e+00 -8.945840726094785866e-01 4.468996945998500170e-01 0.000000000000000000e+00 -1.701178355056478964e+00 0.000000000000000000e+00 0.000000000000000000e+00 1.000000000000000000e+00 0.000000000000000000e+00
4.569506438345788957e-01 8.894920511725575851e-01 0.000000000000000000e+00 -5.156222352533847975e+00 -8.894920511725575851e-01 4.569506438345788957e-01 0.000000000000000000e+00 -1.985508409114189909e+00 0.000000000000000000e+00 0.000000000000000000e+00 1.000000000000000000e+00 0.000000000000000000e+00
5.484049411209562797e-01 8.362129038433456785e-01 0.000000000000000000e+00 -5.139410459488164662e+00 -8.362129038433456785e-01 5.484049411209562797e-01 0.000000000000000000e+00 -1.983983936883682464e+00 0.000000000000000000e+00 0.000000000000000000e+00 1.000000000000000000e+00 0.000000000000000000e+00
4.241739123265232392e-01 9.055807485263868140e-01 0.000000000000000000e+00 -4.890440172285791753e+00 -9.055807485263868140e-01 4.241739123265232392e-01 0.000000000000000000e+00 -2.407000438762068040e+00 0.000000000000000000e+00 0.000000000000000000e+00 1.000000000000000000e+00 0.000000000000000000e+00
4.614726703566818244e-01 8.871544254039841482e-01 0.000000000000000000e+00 -4.727230353181360201e+00 -8.871544254039841482e-01 4.614726703566818244e-01 0.000000000000000000e+00 -2.883422519141108697e+00 0.000000000000000000e+00 0.000000000000000000e+00 1.000000000000000000e+00 0.000000000000000000e+00
5.884196644850248070e-01 8.085556866705785328e-01 0.000000000000000000e+00 -4.457470708603498366e+00 -8.085556866705785328e-01 5.884196644850248070e-01 0.000000000000000000e+00 -3.232736059609416124e+00 0.000000000000000000e+00 0.000000000000000000e+00 1.000000000000000000e+00 0.000000000000000000e+00
6.417620929331588897e-01 7.669037854086075967e-01 0.000000000000000000e+00 -4.221176490451123087e+00 -7.669037854086075967e-01 6.417620929331588897e-01 0.000000000000000000e+00 -3.484989969013645439e+00 0.000000000000000000e+00 0.000000000000000000e+00 1.000000000000000000e+00 0.000000000000000000e+00
6.315150731048968513e-01 7.753636001524167876e-01 0.000000000000000000e+00 -3.939582557125523632e+00 -7.753636001524167876e-01 6.315150731048968513e-01 0.000000000000000000e+00 -3.883397163305518873e+00 0.000000000000000000e+00 0.000000000000000000e+00 1.000000000000000000e+00 0.000000000000000000e+00
4.933225196353810404e-01 8.698464758913488915e-01 0.000000000000000000e+00 -3.635014950632781794e+00 -8.698464758913488915e-01 4.933225196353810404e-01 0.000000000000000000e+00 -4.306272157328615791e+00 0.000000000000000000e+00 0.000000000000000000e+00 1.000000000000000000e+00 0.000000000000000000e+00
4.210193834236304888e-01 9.070516406366211370e-01 0.000000000000000000e+00 -3.212930210974903389e+00 -9.070516406366211370e-01 4.210193834236304888e-01 0.000000000000000000e+00 -4.831662857730472993e+00 0.000000000000000000e+00 0.000000000000000000e+00 1.000000000000000000e+00 0.000000000000000000e+00
3.681235807778054925e-01 9.297768706928165594e-01 0.000000000000000000e+00 -2.995845581618330034e+00 -9.297768706928165594e-01 3.681235807778054925e-01 0.000000000000000000e+00 -5.175591159539557395e+00 0.000000000000000000e+00 0.000000000000000000e+00 1.000000000000000000e+00 0.000000000000000000e+00
4.314901382924866691e-01 9.021176533891411831e-01 0.000000000000000000e+00 -2.817842399153744903e+00 -9.021176533891411831e-01 4.314901382924866691e-01 0.000000000000000000e+00 -5.711922147254696824e+00 0.000000000000000000e+00 0.000000000000000000e+00 1.000000000000000000e+00 0.000000000000000000e+00
3.029699637574800875e-01 9.530001054883421308e-01 0.000000000000000000e+00 -2.616002503121893419e+00 -9.530001054883421308e-01 3.029699637574800875e-01 0.000000000000000000e+00 -6.302070214653424429e+00 0.000000000000000000e+00 0.000000000000000000e+00 1.000000000000000000e+00 0.000000000000000000e+00
1.877998184271785220e-01 9.822073244477047549e-01 0.000000000000000000e+00 -2.439158140674664743e+00 -9.822073244477047549e-01 1.877998184271785220e-01 0.000000000000000000e+00 -6.656873564871182758e+00 0.000000000000000000e+00 0.000000000000000000e+00 1.000000000000000000e+00 0.000000000000000000e+00
1.826340491146027922e-01 9.831809620329335919e-01 0.000000000000000000e+00 -2.403956644094745521e+00 -9.831809620329335919e-01 1.826340491146027922e-01 0.000000000000000000e+00 -7.158506486597873142e+00 0.000000000000000000e+00 0.000000000000000000e+00 1.000000000000000000e+00 0.000000000000000000e+00
2.338678857774063868e-01 9.722683847590674056e-01 0.000000000000000000e+00 -2.320310626957074351e+00 -9.722683847590674056e-01 2.338678857774063868e-01 0.000000000000000000e+00 -7.505436931536412892e+00 0.000000000000000000e+00 0.000000000000000000e+00 1.000000000000000000e+00 0.000000000000000000e+00
2.433265530869760107e-01 9.699444255022093841e-01 0.000000000000000000e+00 -2.219841860724304894e+00 -9.699444255022093841e-01 2.433265530869760107e-01 0.000000000000000000e+00 -8.056052172297949454e+00 0.000000000000000000e+00 0.000000000000000000e+00 1.000000000000000000e+00 0.000000000000000000e+00
4.271923606278701380e-01 9.041607639248607775e-01 0.000000000000000000e+00 -2.345228488174194936e+00 -9.041607639248607775e-01 4.271923606278701380e-01 0.000000000000000000e+00 -8.695691428024751701e+00 0.000000000000000000e+00 0.000000000000000000e+00 1.000000000000000000e+00 0.000000000000000000e+00
3.915264658819999632e-01 9.201668471065185262e-01 0.000000000000000000e+00 -2.152596425314661222e+00 -9.201668471065185262e-01 3.915264658819999632e-01 0.000000000000000000e+00 -9.256120952088156884e+00 0.000000000000000000e+00 0.000000000000000000e+00 1.000000000000000000e+00 0.000000000000000000e+00
1.979062523929182582e-01 9.802209522672887809e-01 0.000000000000000000e+00 -1.928609071316969237e+00 -9.802209522672887809e-01 1.979062523929182582e-01 0.000000000000000000e+00 -9.812190975944069748e+00 0.000000000000000000e+00 0.000000000000000000e+00 1.000000000000000000e+00 0.000000000000000000e+00
2.967033874082068978e-01 9.549696853306368638e-01 0.000000000000000000e+00 -1.789738454802176193e+00 -9.549696853306368638e-01 2.967033874082068978e-01 0.000000000000000000e+00 -1.055586608426313333e+01 0.000000000000000000e+00 0.000000000000000000e+00 1.000000000000000000e+00 0.000000000000000000e+00
3.239229757374170182e-01 9.460834560383226677e-01 0.000000000000000000e+00 -1.500365593932725394e+00 -9.460834560383226677e-01 3.239229757374170182e-01 0.000000000000000000e+00 -1.096942592102470826e+01 0.000000000000000000e+00 0.000000000000000000e+00 1.000000000000000000e+00 0.000000000000000000e+00
4.358546320663528317e-01 9.000170774525915185e-01 0.000000000000000000e+00 -1.579533434978458439e+00 -9.000170774525915185e-01 4.358546320663528317e-01 0.000000000000000000e+00 -1.106088578701171343e+01 0.000000000000000000e+00 0.000000000000000000e+00 1.000000000000000000e+00 0.000000000000000000e+00
4.536460639498618441e-01 8.911819391475558350e-01 0.000000000000000000e+00 -1.205460195881884911e+00 -8.911819391475558350e-01 4.536460639498618441e-01 0.000000000000000000e+00 -1.145015135207273715e+01 0.000000000000000000e+00 0.000000000000000000e+00 1.000000000000000000e+00 0.000000000000000000e+00
5.057039654483824753e-01 8.627070762024507955e-01 0.000000000000000000e+00 -7.570157869347357016e-01 -8.627070762024507955e-01 5.057039654483824753e-01 0.000000000000000000e+00 -1.166145369266966370e+01 0.000000000000000000e+00 0.000000000000000000e+00 1.000000000000000000e+00 0.000000000000000000e+00
6.482754142279532061e-01 7.614059280748841640e-01 0.000000000000000000e+00 -3.800577662668441214e-01 -7.614059280748841640e-01 6.482754142279532061e-01 0.000000000000000000e+00 -1.193457356507744649e+01 0.000000000000000000e+00 0.000000000000000000e+00 1.000000000000000000e+00 0.000000000000000000e+00
7.880714566561510814e-01 6.155837710692608766e-01 0.000000000000000000e+00 -3.165364743357394067e-02 -6.155837710692608766e-01 7.880714566561510814e-01 0.000000000000000000e+00 -1.229217535931780780e+01 0.000000000000000000e+00 0.000000000000000000e+00 1.000000000000000000e+00 0.000000000000000000e+00
8.729416921318333689e-01 4.878245608187551929e-01 0.000000000000000000e+00 3.592673276256527215e-01 -4.878245608187551929e-01 8.729416921318333689e-01 0.000000000000000000e+00 -1.229399515238515050e+01 0.000000000000000000e+00 0.000000000000000000e+00 1.000000000000000000e+00 0.000000000000000000e+00
9.247869979208778179e-01 3.804852276718379001e-01 0.000000000000000000e+00 7.521650206358256874e-01 -3.804852276718379001e-01 9.247869979208778179e-01 0.000000000000000000e+00 -1.235313933546145293e+01 0.000000000000000000e+00 0.000000000000000000e+00 1.000000000000000000e+00 0.000000000000000000e+00
9.879192464929591466e-01 1.549695531670136905e-01 0.000000000000000000e+00 1.012224952341002959e+00 -1.549695531670136905e-01 9.879192464929591466e-01 0.000000000000000000e+00 -1.252639360934433199e+01 0.000000000000000000e+00 0.000000000000000000e+00 1.000000000000000000e+00 0.000000000000000000e+00
9.931019143434858254e-01 -1.172543718899370785e-01 0.000000000000000000e+00 1.440295686837281597e+00 1.172543718899370785e-01 9.931019143434858254e-01 0.000000000000000000e+00 -1.253278145263839960e+01 0.000000000000000000e+00 0.000000000000000000e+00 1.000000000000000000e+00 0.000000000000000000e+00
9.702866211443077482e-01 -2.419584113610491194e-01 0.000000000000000000e+00 1.765164231686858543e+00 2.419584113610491194e-01 9.702866211443077482e-01 0.000000000000000000e+00 -1.249409267919678790e+01 0.000000000000000000e+00 0.000000000000000000e+00 1.000000000000000000e+00 0.000000000000000000e+00
-9.282776354762299897e-01 3.718879286487523639e-01 0.000000000000000000e+00 2.184357546795796079e+00 -3.718879286487523639e-01 -9.282776354762299897e-01 0.000000000000000000e+00 -1.231826049434353365e+01 0.000000000000000000e+00 0.000000000000000000e+00 1.000000000000000000e+00 0.000000000000000000e+00
-8.895539295262198110e-01 4.568301724541200537e-01 0.000000000000000000e+00 2.567091767845260275e+00 -4.568301724541200537e-01 -8.895539295262198110e-01 0.000000000000000000e+00 -1.207430096246939222e+01 0.000000000000000000e+00 0.000000000000000000e+00 1.000000000000000000e+00 0.000000000000000000e+00
-8.521668004035842792e-01 5.232702402104649764e-01 0.000000000000000000e+00 3.009689717093890327e+00 -5.232702402104649764e-01 -8.521668004035842792e-01 0.000000000000000000e+00 -1.179535455286309364e+01 0.000000000000000000e+00 0.000000000000000000e+00 1.000000000000000000e+00 0.000000000000000000e+00
-7.646719014687520799e-01 6.444198034698833677e-01 0.000000000000000000e+00 3.428390338690611827e+00 -6.444198034698833677e-01 -7.646719014687520799e-01 0.000000000000000000e+00 -1.141547562202436339e+01 0.000000000000000000e+00 0.000000000000000000e+00 1.000000000000000000e+00 0.000000000000000000e+00
-5.735713135050477529e-01 8.191556313205045070e-01 0.000000000000000000e+00 3.499452328671687429e+00 -8.191556313205045070e-01 -5.735713135050477529e-01 0.000000000000000000e+00 -1.116744611561654743e+01 0.000000000000000000e+00 0.000000000000000000e+00 1.000000000000000000e+00 0.000000000000000000e+00
-3.599242537471533110e-01 9.329815279867843536e-01 0.000000000000000000e+00 3.551362131522317167e+00 -9.329815279867843536e-01 -3.599242537471533110e-01 0.000000000000000000e+00 -1.075805654120933319e+01 0.000000000000000000e+00 0.000000000000000000e+00 1.000000000000000000e+00 0.000000000000000000e+00
-1.417289426073118364e-01 9.899055039888470242e-01 0.000000000000000000e+00 3.435710031702368550e+00 -9.899055039888470242e-01 -1.417289426073118364e-01 0.000000000000000000e+00 -1.011510636025497334e+01 0.000000000000000000e+00 0.000000000000000000e+00 1.000000000000000000e+00 0.000000000000000000e+00
-4.524642605008602492e-02 9.989758560294107470e-01 0.000000000000000000e+00 3.494916821702457543e+00 -9.989758560294107470e-01 -4.524642605008602492e-02 0.000000000000000000e+00 -9.501871740727505511e+00 0.000000000000000000e+00 0.000000000000000000e+00 1.000000000000000000e+00 0.000000000000000000e+00
7.467694015643429328e-02 9.972077790555348153e-01 0.000000000000000000e+00 3.540728698955495801e+00 -9.972077790555348153e-01 7.467694015643429328e-02 0.000000000000000000e+00 -9.229774394701632190e+00 0.000000000000000000e+00 0.000000000000000000e+00 1.000000000000000000e+00 0.000000000000000000e+00
-1.947487030752457493e-01 -9.808531707908731967e-01 0.000000000000000000e+00 3.308484526862315533e+00 9.808531707908731967e-01 -1.947487030752457493e-01 0.000000000000000000e+00 -8.737111712174279177e+00 0.000000000000000000e+00 0.000000000000000000e+00 1.000000000000000000e+00 0.000000000000000000e+00
