1.000000000000000000e+00 -0.000000000000000000e+00 0.000000000000000000e+00 -5.000000000000000000e+00 0.000000000000000000e+00 1.000000000000000000e+00 0.000000000000000000e+00 -8.000000000000000000e+00 0.000000000000000000e+00 0.000000000000000000e+00 1.000000000000000000e+00 0.000000000000000000e+00
1.000000000000000000e+00 -0.000000000000000000e+00 0.000000000000000000e+00 -4.549999999999999822e+00 0.000000000000000000e+00 1.000000000000000000e+00 0.000000000000000000e+00 -8.000000000000000000e+00 0.000000000000000000e+00 0.000000000000000000e+00 1.000000000000000000e+00 0.000000000000000000e+00
1.000000000000000000e+00 -0.000000000000000000e+00 0.000000000000000000e+00 -4.099999999999999645e+00 0.000000000000000000e+00 1.000000000000000000e+00 0.000000000000000000e+00 -8.000000000000000000e+00 0.000000000000000000e+00 0.000000000000000000e+00 1.000000000000000000e+00 0.000000000000000000e+00
1.000000000000000000e+00 -0.000000000000000000e+00 0.000000000000000000e+00 -3.649999999999999467e+00 0.000000000000000000e+00 1.000000000000000000e+00 0.000000000000000000e+00 -8.000000000000000000e+00 0.000000000000000000e+00 0.000000000000000000e+00 1.000000000000000000e+00 0.000000000000000000e+00
1.000000000000000000e+00 -0.000000000000000000e+00 0.000000000000000000e+00 -3.199999999999999289e+00 0.000000000000000000e+00 1.000000000000000000e+00 0.000000000000000000e+00 -8.000000000000000000e+00 0.000000000000000000e+00 0.000000000000000000e+00 1.000000000000000000e+00 0.000000000000000000e+00
1.000000000000000000e+00 -0.000000000000000000e+00 0.000000000000000000e+00 -2.749999999999999112e+00 0.000000000000000000e+00 1.000000000000000000e+00 0.000000000000000000e+00 -8.000000000000000000e+00 0.000000000000000000e+00 0.000000000000000000e+00 1.000000000000000000e+00 0.000000000000000000e+00
1.000000000000000000e+00 -0.000000000000000000e+00 0.000000000000000000e+00 -2.299999999999998934e+00 0.000000000000000000e+00 1.000000000000000000e+00 0.000000000000000000e+00 -8.000000000000000000e+00 0.000000000000000000e+00 0.000000000000000000e+00 1.000000000000000000e+00 0.000000000000000000e+00
1.000000000000000000e+00 -0.000000000000000000e+00 0.000000000000000000e+00 -1.849999999999998979e+00 0.000000000000000000e+00 1.000000000000000000e+00 0.000000000000000000e+00 -8.000000000000000000e+00 0.000000000000000000e+00 0.000000000000000000e+00 1.000000000000000000e+00 0.000000000000000000e+00
1.000000000000000000e+00 -0.000000000000000000e+00 0.000000000000000000e+00 -1.399999999999999023e+00 0.000000000000000000e+00 1.000000000000000000e+00 0.000000000000000000e+00 -8.000000000000000000e+00 0.000000000000000000e+00 0.000000000000000000e+00 1.000000000000000000e+00 0.000000000000000000e+00
1.000000000000000000e+00 -0.000000000000000000e+00 0.000000000000000000e+00 -9.499999999999990674e-01 0.000000000000000000e+00 1.000000000000000000e+00 0.000000000000000000e+00 -8.000000000000000000e+00 0.000000000000000000e+00 0.000000000000000000e+00 1.000000000000000000e+00 0.000000000000000000e+00
1.000000000000000000e+00 -0.000000000000000000e+00 0.000000000000000000e+00 -4.999999999999990563e-01 0.000000000000000000e+00 1.000000000000000000e+00 0.000000000000000000e+00 -8.000000000000000000e+00 0.000000000000000000e+00 0.000000000000000000e+00 1.000000000000000000e+00 0.000000000000000000e+00
1.000000000000000000e+00 -0.000000000000000000e+00 0.000000000000000000e+00 -4.999999999999904521e-02 0.000000000000000000e+00 1.000000000000000000e+00 0.000000000000000000e+00 -8.000000000000000000e+00 0.000000000000000000e+00 0.000000000000000000e+00 1.000000000000000000e+00 0.000000000000000000e+00
1.000000000000000000e+00 -0.000000000000000000e+00 0.000000000000000000e+00 4.000000000000009659e-01 0.000000000000000000e+00 1.000000000000000000e+00 0.000000000000000000e+00 -8.000000000000000000e+00 0.000000000000000000e+00 0.000000000000000000e+00 1.000000000000000000e+00 0.000000000000000000e+00
1.000000000000000000e+00 -0.000000000000000000e+00 0.000000000000000000e+00 8.500000000000009770e-01 0.000000000000000000e+00 1.000000000000000000e+00 0.000000000000000000e+00 -8.000000000000000000e+00 0.000000000000000000e+00 0.000000000000000000e+00 1.000000000000000000e+00 0.000000000000000000e+00
1.000000000000000000e+00 -0.000000000000000000e+00 0.000000000000000000e+00 1.300000000000000933e+00 0.000000000000000000e+00 1.000000000000000000e+00 0.000000000000000000e+00 -8.000000000000000000e+00 0.000000000000000000e+00 0.000000000000000000e+00 1.000000000000000000e+00 0.000000000000000000e+00
1.000000000000000000e+00 -0.000000000000000000e+00 0.000000000000000000e+00 1.750000000000000888e+00 0.000000000000000000e+00 1.000000000000000000e+00 0.000000000000000000e+00 -8.000000000000000000e+00 0.000000000000000000e+00 0.000000000000000000e+00 1.000000000000000000e+00 0.000000000000000000e+00
1.000000000000000000e+00 -0.000000000000000000e+00 0.000000000000000000e+00 2.200000000000001066e+00 0.000000000000000000e+00 1.000000000000000000e+00 0.000000000000000000e+00 -8.000000000000000000e+00 0.000000000000000000e+00 0.000000000000000000e+00 1.000000000000000000e+00 0.000000000000000000e+00
1.000000000000000000e+00 -0.000000000000000000e+00 0.000000000000000000e+00 2.650000000000001243e+00 0.000000000000000000e+00 1.000000000000000000e+00 0.000000000000000000e+00 -8.000000000000000000e+00 0.000000000000000000e+00 0.000000000000000000e+00 1.000000000000000000e+00 0.000000000000000000e+00
1.000000000000000000e+00 -0.000000000000000000e+00 0.000000000000000000e+00 3.100000000000001421e+00 0.000000000000000000e+00 1.000000000000000000e+00 0.000000000000000000e+00 -8.000000000000000000e+00 0.000000000000000000e+00 0.000000000000000000e+00 1.000000000000000000e+00 0.000000000000000000e+00
1.000000000000000000e+00 -0.000000000000000000e+00 0.000000000000000000e+00 3.550000000000001599e+00 0.000000000000000000e+00 1.000000000000000000e+00 0.000000000000000000e+00 -8.000000000000000000e+00 0.000000000000000000e+00 0.000000000000000000e+00 1.000000000000000000e+00 0.000000000000000000e+00
1.000000000000000000e+00 -0.000000000000000000e+00 0.000000000000000000e+00 3.550000000000001599e+00 0.000000000000000000e+00 1.000000000000000000e+00 0.000000000000000000e+00 -8.000000000000000000e+00 0.000000000000000000e+00 0.000000000000000000e+00 1.000000000000000000e+00 0.000000000000000000e+00
9.965844930066698470e-01 -8.257934547233181100e-02 0.000000000000000000e+00 3.961486475701836429e+00 8.257934547233181100e-02 9.965844930066698470e-01 0.000000000000000000e+00 -7.965903258506806139e+00 0.000000000000000000e+00 0.000000000000000000e+00 1.000000000000000000e+00 0.000000000000000000e+00
9.694002659393301524e-01 -2.454854871408002903e-01 0.000000000000000000e+00 4.361748673011710764e+00 2.454854871408002903e-01 9.694002659393301524e-01 0.000000000000000000e+00 -7.864543104251586314e+00 0.000000000000000000e+00 0.000000000000000000e+00 1.000000000000000000e+00 0.000000000000000000e+00
9.157733266550577289e-01 -4.016954246529688133e-01 0.000000000000000000e+00 4.739868482592685339e+00 4.016954246529688133e-01 9.157733266550577289e-01 0.000000000000000000e+00 -7.698684378016222851e+00 0.000000000000000000e+00 0.000000000000000000e+00 1.000000000000000000e+00 0.000000000000000000e+00
8.371664782625284351e-01 -5.469481581224270306e-01 0.000000000000000000e+00 5.085531781724171196e+00 5.469481581224270306e-01 8.371664782625284351e-01 0.000000000000000000e+00 -7.472851273490983992e+00 0.000000000000000000e+00 0.000000000000000000e+00 1.000000000000000000e+00 0.000000000000000000e+00
7.357239106731321421e-01 -6.772815716257404306e-01 0.000000000000000000e+00 5.389309776682830844e+00 6.772815716257404306e-01 7.357239106731321421e-01 0.000000000000000000e+00 -7.193203929064353019e+00 0.000000000000000000e+00 0.000000000000000000e+00 1.000000000000000000e+00 0.000000000000000000e+00
6.142127126896667066e-01 -7.891405093963944628e-01 0.000000000000000000e+00 5.642916195656322742e+00 7.891405093963944628e-01 6.142127126896667066e-01 0.000000000000000000e+00 -6.867370395306067188e+00 0.000000000000000000e+00 0.000000000000000000e+00 1.000000000000000000e+00 0.000000000000000000e+00
4.759473930370742289e-01 -8.794737512064887408e-01 0.000000000000000000e+00 5.839433316637645532e+00 8.794737512064887408e-01 4.759473930370742289e-01 0.000000000000000000e+00 -6.504238561632423199e+00 0.000000000000000000e+00 0.000000000000000000e+00 1.000000000000000000e+00 0.000000000000000000e+00
3.246994692046821229e-01 -9.458172417006351917e-01 0.000000000000000000e+00 5.973500664848327091e+00 9.458172417006351917e-01 3.246994692046821229e-01 0.000000000000000000e+00 -6.113713717851998020e+00 0.000000000000000000e+00 0.000000000000000000e+00 1.000000000000000000e+00 0.000000000000000000e+00
1.645945902807350592e-01 -9.863613034027222115e-01 0.000000000000000000e+00 6.041461232516676105e+00 9.863613034027222115e-01 1.645945902807350592e-01 0.000000000000000000e+00 -5.706448363680831193e+00 0.000000000000000000e+00 0.000000000000000000e+00 1.000000000000000000e+00 0.000000000000000000e+00
-1.836970198721029688e-16 1.000000000000000000e+00 0.000000000000000000e+00 6.041461232516676105e+00 -1.000000000000000000e+00 -1.836970198721029688e-16 0.000000000000000000e+00 -5.293551636319168807e+00 0.000000000000000000e+00 0.000000000000000000e+00 1.000000000000000000e+00 0.000000000000000000e+00
1.645945902807350314e-01 9.863613034027222115e-01 0.000000000000000000e+00 5.973500664848327091e+00 -9.863613034027222115e-01 1.645945902807350314e-01 0.000000000000000000e+00 -4.886286282148001980e+00 0.000000000000000000e+00 0.000000000000000000e+00 1.000000000000000000e+00 0.000000000000000000e+00
3.246994692046816788e-01 9.458172417006353028e-01 0.000000000000000000e+00 5.839433316637645532e+00 -9.458172417006353028e-01 3.246994692046816788e-01 0.000000000000000000e+00 -4.495761438367576801e+00 0.000000000000000000e+00 0.000000000000000000e+00 1.000000000000000000e+00 0.000000000000000000e+00
4.759473930370746175e-01 8.794737512064885188e-01 0.000000000000000000e+00 5.642916195656322742e+00 -8.794737512064885188e-01 4.759473930370746175e-01 0.000000000000000000e+00 -4.132629604693933700e+00 0.000000000000000000e+00 0.000000000000000000e+00 1.000000000000000000e+00 0.000000000000000000e+00
6.142127126896663736e-01 7.891405093963947959e-01 0.000000000000000000e+00 5.389309776682830844e+00 -7.891405093963947959e-01 6.142127126896663736e-01 0.000000000000000000e+00 -3.806796070935647425e+00 0.000000000000000000e+00 0.000000000000000000e+00 1.000000000000000000e+00 0.000000000000000000e+00
7.357239106731318090e-01 6.772815716257408747e-01 0.000000000000000000e+00 5.085531781724171196e+00 -6.772815716257408747e-01 7.357239106731318090e-01 0.000000000000000000e+00 -3.527148726509016008e+00 0.000000000000000000e+00 0.000000000000000000e+00 1.000000000000000000e+00 0.000000000000000000e+00
8.371664782625289902e-01 5.469481581224262534e-01 0.000000000000000000e+00 4.739868482592685339e+00 -5.469481581224262534e-01 8.371664782625289902e-01 0.000000000000000000e+00 -3.301315621983777593e+00 0.000000000000000000e+00 0.000000000000000000e+00 1.000000000000000000e+00 0.000000000000000000e+00
9.157733266550568407e-01 4.016954246529707562e-01 0.000000000000000000e+00 4.361748673011710764e+00 -4.016954246529707562e-01 9.157733266550568407e-01 0.000000000000000000e+00 -3.135456895748413242e+00 0.000000000000000000e+00 0.000000000000000000e+00 1.000000000000000000e+00 0.000000000000000000e+00
9.694002659393305965e-01 2.454854871407983474e-01 0.000000000000000000e+00 3.961486475701836429e+00 -2.454854871407983474e-01 9.694002659393305965e-01 0.000000000000000000e+00 -3.034096741493194305e+00 0.000000000000000000e+00 0.000000000000000000e+00 1.000000000000000000e+00 0.000000000000000000e+00
9.965844930066698470e-01 8.257934547233279632e-02 0.000000000000000000e+00 3.550000000000001599e+00 -8.257934547233279632e-02 9.965844930066698470e-01 0.000000000000000000e+00 -3.000000000000000000e+00 0.000000000000000000e+00 0.000000000000000000e+00 1.000000000000000000e+00 0.000000000000000000e+00
-1.000000000000000000e+00 -1.224646799147353207e-16 0.000000000000000000e+00 3.550000000000001599e+00 1.224646799147353207e-16 -1.000000000000000000e+00 0.000000000000000000e+00 -3.000000000000000000e+00 0.000000000000000000e+00 0.000000000000000000e+00 1.000000000000000000e+00 0.000000000000000000e+00
1.000000000000000000e+00 2.449293598294706414e-16 0.000000000000000000e+00 3.050000000000001599e+00 -2.449293598294706414e-16 1.000000000000000000e+00 0.000000000000000000e+00 -3.000000000000000000e+00 0.000000000000000000e+00 0.000000000000000000e+00 1.000000000000000000e+00 0.000000000000000000e+00
1.000000000000000000e+00 2.449293598294706414e-16 0.000000000000000000e+00 2.550000000000001599e+00 -2.449293598294706414e-16 1.000000000000000000e+00 0.000000000000000000e+00 -3.000000000000000000e+00 0.000000000000000000e+00 0.000000000000000000e+00 1.000000000000000000e+00 0.000000000000000000e+00
1.000000000000000000e+00 2.449293598294706414e-16 0.000000000000000000e+00 2.050000000000001599e+00 -2.449293598294706414e-16 1.000000000000000000e+00 0.000000000000000000e+00 -3.000000000000000000e+00 0.000000000000000000e+00 0.000000000000000000e+00 1.000000000000000000e+00 0.000000000000000000e+00
1.000000000000000000e+00 2.449293598294706414e-16 0.000000000000000000e+00 1.550000000000001599e+00 -2.449293598294706414e-16 1.000000000000000000e+00 0.000000000000000000e+00 -3.000000000000000000e+00 0.000000000000000000e+00 0.000000000000000000e+00 1.000000000000000000e+00 0.000000000000000000e+00
1.000000000000000000e+00 2.449293598294706414e-16 0.000000000000000000e+00 1.050000000000001599e+00 -2.449293598294706414e-16 1.000000000000000000e+00 0.000000000000000000e+00 -3.000000000000000000e+00 0.000000000000000000e+00 0.000000000000000000e+00 1.000000000000000000e+00 0.000000000000000000e+00
1.000000000000000000e+00 2.449293598294706414e-16 0.000000000000000000e+00 5.500000000000015987e-01 -2.449293598294706414e-16 1.000000000000000000e+00 0.000000000000000000e+00 -3.000000000000000000e+00 0.000000000000000000e+00 0.000000000000000000e+00 1.000000000000000000e+00 0.000000000000000000e+00
1.000000000000000000e+00 2.449293598294706414e-16 0.000000000000000000e+00 5.000000000000159872e-02 -2.449293598294706414e-16 1.000000000000000000e+00 0.000000000000000000e+00 -3.000000000000000000e+00 0.000000000000000000e+00 0.000000000000000000e+00 1.000000000000000000e+00 0.000000000000000000e+00
1.000000000000000000e+00 2.449293598294706414e-16 0.000000000000000000e+00 -4.499999999999984013e-01 -2.449293598294706414e-16 1.000000000000000000e+00 0.000000000000000000e+00 -3.000000000000000000e+00 0.000000000000000000e+00 0.000000000000000000e+00 1.000000000000000000e+00 0.000000000000000000e+00
1.000000000000000000e+00 2.449293598294706414e-16 0.000000000000000000e+00 -9.499999999999984013e-01 -2.449293598294706414e-16 1.000000000000000000e+00 0.000000000000000000e+00 -3.000000000000000000e+00 0.000000000000000000e+00 0.000000000000000000e+00 1.000000000000000000e+00 0.000000000000000000e+00
1.000000000000000000e+00 2.449293598294706414e-16 0.000000000000000000e+00 -1.449999999999998401e+00 -2.449293598294706414e-16 1.000000000000000000e+00 0.000000000000000000e+00 -3.000000000000000000e+00 0.000000000000000000e+00 0.000000000000000000e+00 1.000000000000000000e+00 0.000000000000000000e+00
1.000000000000000000e+00 2.449293598294706414e-16 0.000000000000000000e+00 -1.949999999999998401e+00 -2.449293598294706414e-16 1.000000000000000000e+00 0.000000000000000000e+00 -3.000000000000000000e+00 0.000000000000000000e+00 0.000000000000000000e+00 1.000000000000000000e+00 0.000000000000000000e+00
1.000000000000000000e+00 2.449293598294706414e-16 0.000000000000000000e+00 -2.449999999999998401e+00 -2.449293598294706414e-16 1.000000000000000000e+00 0.000000000000000000e+00 -3.000000000000000000e+00 0.000000000000000000e+00 0.000000000000000000e+00 1.000000000000000000e+00 0.000000000000000000e+00
1.000000000000000000e+00 2.449293598294706414e-16 0.000000000000000000e+00 -2.949999999999998401e+00 -2.449293598294706414e-16 1.000000000000000000e+00 0.000000000000000000e+00 -3.000000000000000000e+00 0.000000000000000000e+00 0.000000000000000000e+00 1.000000000000000000e+00 0.000000000000000000e+00
1.000000000000000000e+00 2.449293598294706414e-16 0.000000000000000000e+00 -3.449999999999998401e+00 -2.449293598294706414e-16 1.000000000000000000e+00 0.000000000000000000e+00 -3.000000000000000000e+00 0.000000000000000000e+00 0.000000000000000000e+00 1.000000000000000000e+00 0.000000000000000000e+00
1.000000000000000000e+00 2.449293598294706414e-16 0.000000000000000000e+00 -3.949999999999998401e+00 -2.449293598294706414e-16 1.000000000000000000e+00 0.000000000000000000e+00 -3.000000000000000000e+00 0.000000000000000000e+00 0.000000000000000000e+00 1.000000000000000000e+00 0.000000000000000000e+00
1.000000000000000000e+00 2.449293598294706414e-16 0.000000000000000000e+00 -4.449999999999998401e+00 -2.449293598294706414e-16 1.000000000000000000e+00 0.000000000000000000e+00 -3.000000000000000000e+00 0.000000000000000000e+00 0.000000000000000000e+00 1.000000000000000000e+00 0.000000000000000000e+00
1.000000000000000000e+00 2.449293598294706414e-16 0.000000000000000000e+00 -4.949999999999998401e+00 -2.449293598294706414e-16 1.000000000000000000e+00 0.000000000000000000e+00 -3.000000000000000000e+00 0.000000000000000000e+00 0.000000000000000000e+00 1.000000000000000000e+00 0.000000000000000000e+00
1.000000000000000000e+00 2.449293598294706414e-16 0.000000000000000000e+00 -5.449999999999998401e+00 -2.449293598294706414e-16 1.000000000000000000e+00 0.000000000000000000e+00 -3.000000000000000000e+00 0.000000000000000000e+00 0.000000000000000000e+00 1.000000000000000000e+00 0.000000000000000000e+00
1.000000000000000000e+00 2.449293598294706414e-16 0.000000000000000000e+00 -5.949999999999998401e+00 -2.449293598294706414e-16 1.000000000000000000e+00 0.000000000000000000e+00 -3.000000000000000000e+00 0.000000000000000000e+00 0.000000000000000000e+00 1.000000000000000000e+00 0.000000000000000000e+00
-1.836970198721029688e-16 1.000000000000000000e+00 0.000000000000000000e+00 -5.949999999999998401e+00 -1.000000000000000000e+00 -1.836970198721029688e-16 0.000000000000000000e+00 -2.999999999999999556e+00 0.000000000000000000e+00 0.000000000000000000e+00 1.000000000000000000e+00 0.000000000000000000e+00
9.965844930066699581e-01 -8.257934547233167222e-02 0.000000000000000000e+00 -6.377945934729906341e+00 8.257934547233167222e-02 9.965844930066699581e-01 0.000000000000000000e+00 -3.035460611152921206e+00 0.000000000000000000e+00 0.000000000000000000e+00 1.000000000000000000e+00 0.000000000000000000e+00
9.694002659393302634e-01 -2.454854871407998185e-01 0.000000000000000000e+00 -6.794218619932175685e+00 2.454854871407998185e-01 9.694002659393302634e-01 0.000000000000000000e+00 -3.140875171578349612e+00 0.000000000000000000e+00 0.000000000000000000e+00 1.000000000000000000e+00 0.000000000000000000e+00
9.157733266550577289e-01 -4.016954246529688688e-01 0.000000000000000000e+00 -7.187463221896389420e+00 4.016954246529688688e-01 9.157733266550577289e-01 0.000000000000000000e+00 -3.313368246863127808e+00 0.000000000000000000e+00 0.000000000000000000e+00 1.000000000000000000e+00 0.000000000000000000e+00
8.371664782625284351e-01 -5.469481581224271416e-01 0.000000000000000000e+00 -7.546953052993134570e+00 5.469481581224271416e-01 8.371664782625284351e-01 0.000000000000000000e+00 -3.548234675569376328e+00 0.000000000000000000e+00 0.000000000000000000e+00 1.000000000000000000e+00 0.000000000000000000e+00
7.357239106731323641e-01 -6.772815716257403196e-01 0.000000000000000000e+00 -7.862882167750140816e+00 6.772815716257403196e-01 7.357239106731323641e-01 0.000000000000000000e+00 -3.839067913773072771e+00 0.000000000000000000e+00 0.000000000000000000e+00 1.000000000000000000e+00 0.000000000000000000e+00
6.142127126896664846e-01 -7.891405093963945738e-01 0.000000000000000000e+00 -8.126632843482571644e+00 7.891405093963945738e-01 6.142127126896664846e-01 0.000000000000000000e+00 -4.177934788881689343e+00 0.000000000000000000e+00 0.000000000000000000e+00 1.000000000000000000e+00 0.000000000000000000e+00
4.759473930370748396e-01 -8.794737512064884077e-01 0.000000000000000000e+00 -8.331010649303147275e+00 8.794737512064884077e-01 4.759473930370748396e-01 0.000000000000000000e+00 -4.555591895902278310e+00 0.000000000000000000e+00 0.000000000000000000e+00 1.000000000000000000e+00 0.000000000000000000e+00
3.246994692046852315e-01 -9.458172417006340815e-01 0.000000000000000000e+00 -8.470440691442258085e+00 9.458172417006340815e-01 3.246994692046852315e-01 0.000000000000000000e+00 -4.961737733433921882e+00 0.000000000000000000e+00 0.000000000000000000e+00 1.000000000000000000e+00 0.000000000000000000e+00
1.645945902807341987e-01 -9.863613034027223225e-01 0.000000000000000000e+00 -8.541119681817340492e+00 9.863613034027223225e-01 1.645945902807341987e-01 0.000000000000000000e+00 -5.385293701771934671e+00 0.000000000000000000e+00 0.000000000000000000e+00 1.000000000000000000e+00 0.000000000000000000e+00
6.123233995736766036e-17 1.000000000000000000e+00 0.000000000000000000e+00 -8.541119681817340492e+00 -1.000000000000000000e+00 6.123233995736766036e-17 0.000000000000000000e+00 -5.814706298228063730e+00 0.000000000000000000e+00 0.000000000000000000e+00 1.000000000000000000e+00 0.000000000000000000e+00
1.645945902807339767e-01 9.863613034027223225e-01 0.000000000000000000e+00 -8.470440691442258085e+00 -9.863613034027223225e-01 1.645945902807339767e-01 0.000000000000000000e+00 -6.238262266566076519e+00 0.000000000000000000e+00 0.000000000000000000e+00 1.000000000000000000e+00 0.000000000000000000e+00
3.246994692046821229e-01 9.458172417006351917e-01 0.000000000000000000e+00 -8.331010649303149052e+00 -9.458172417006351917e-01 3.246994692046821229e-01 0.000000000000000000e+00 -6.644408104097719203e+00 0.000000000000000000e+00 0.000000000000000000e+00 1.000000000000000000e+00 0.000000000000000000e+00
4.759473930370740069e-01 8.794737512064888518e-01 0.000000000000000000e+00 -8.126632843482573421e+00 -8.794737512064888518e-01 4.759473930370740069e-01 0.000000000000000000e+00 -7.022065211118309058e+00 0.000000000000000000e+00 0.000000000000000000e+00 1.000000000000000000e+00 0.000000000000000000e+00
6.142127126896672618e-01 7.891405093963940187e-01 0.000000000000000000e+00 -7.862882167750141704e+00 -7.891405093963940187e-01 6.142127126896672618e-01 0.000000000000000000e+00 -7.360932086226926074e+00 0.000000000000000000e+00 0.000000000000000000e+00 1.000000000000000000e+00 0.000000000000000000e+00
7.357239106731325862e-01 6.772815716257399865e-01 0.000000000000000000e+00 -7.546953052993135458e+00 -6.772815716257399865e-01 7.357239106731325862e-01 0.000000000000000000e+00 -7.651765324430622073e+00 0.000000000000000000e+00 0.000000000000000000e+00 1.000000000000000000e+00 0.000000000000000000e+00
8.371664782625278800e-01 5.469481581224278077e-01 0.000000000000000000e+00 -7.187463221896389420e+00 -5.469481581224278077e-01 8.371664782625278800e-01 0.000000000000000000e+00 -7.886631753136871481e+00 0.000000000000000000e+00 0.000000000000000000e+00 1.000000000000000000e+00 0.000000000000000000e+00
9.157733266550571738e-01 4.016954246529699790e-01 0.000000000000000000e+00 -6.794218619932175685e+00 -4.016954246529699790e-01 9.157733266550571738e-01 0.000000000000000000e+00 -8.059124828421650122e+00 0.000000000000000000e+00 0.000000000000000000e+00 1.000000000000000000e+00 0.000000000000000000e+00
9.694002659393300414e-01 2.454854871408007899e-01 0.000000000000000000e+00 -6.377945934729908117e+00 -2.454854871408007899e-01 9.694002659393300414e-01 0.000000000000000000e+00 -8.164539388847078527e+00 0.000000000000000000e+00 0.000000000000000000e+00 1.000000000000000000e+00 0.000000000000000000e+00
9.965844930066700691e-01 8.257934547232971545e-02 0.000000000000000000e+00 -5.949999999999999289e+00 -8.257934547232971545e-02 9.965844930066700691e-01 0.000000000000000000e+00 -8.199999999999999289e+00 0.000000000000000000e+00 0.000000000000000000e+00 1.000000000000000000e+00 0.000000000000000000e+00
1.000000000000000000e+00 -0.000000000000000000e+00 0.000000000000000000e+00 -5.949999999999999289e+00 0.000000000000000000e+00 1.000000000000000000e+00 0.000000000000000000e+00 -8.199999999999999289e+00 0.000000000000000000e+00 0.000000000000000000e+00 1.000000000000000000e+00 0.000000000000000000e+00
1.000000000000000000e+00 -0.000000000000000000e+00 0.000000000000000000e+00 -5.399999999999999467e+00 0.000000000000000000e+00 1.000000000000000000e+00 0.000000000000000000e+00 -8.199999999999999289e+00 0.000000000000000000e+00 0.000000000000000000e+00 1.000000000000000000e+00 0.000000000000000000e+00
1.000000000000000000e+00 -0.000000000000000000e+00 0.000000000000000000e+00 -4.849999999999999645e+00 0.000000000000000000e+00 1.000000000000000000e+00 0.000000000000000000e+00 -8.199999999999999289e+00 0.000000000000000000e+00 0.000000000000000000e+00 1.000000000000000000e+00 0.000000000000000000e+00
1.000000000000000000e+00 -0.000000000000000000e+00 0.000000000000000000e+00 -4.299999999999999822e+00 0.000000000000000000e+00 1.000000000000000000e+00 0.000000000000000000e+00 -8.199999999999999289e+00 0.000000000000000000e+00 0.000000000000000000e+00 1.000000000000000000e+00 0.000000000000000000e+00
1.000000000000000000e+00 -0.000000000000000000e+00 0.000000000000000000e+00 -3.750000000000000000e+00 0.000000000000000000e+00 1.000000000000000000e+00 0.000000000000000000e+00 -8.199999999999999289e+00 0.000000000000000000e+00 0.000000000000000000e+00 1.000000000000000000e+00 0.000000000000000000e+00
1.000000000000000000e+00 -0.000000000000000000e+00 0.000000000000000000e+00 -3.200000000000000178e+00 0.000000000000000000e+00 1.000000000000000000e+00 0.000000000000000000e+00 -8.199999999999999289e+00 0.000000000000000000e+00 0.000000000000000000e+00 1.000000000000000000e+00 0.000000000000000000e+00
1.000000000000000000e+00 -0.000000000000000000e+00 0.000000000000000000e+00 -2.650000000000000355e+00 0.000000000000000000e+00 1.000000000000000000e+00 0.000000000000000000e+00 -8.199999999999999289e+00 0.000000000000000000e+00 0.000000000000000000e+00 1.000000000000000000e+00 0.000000000000000000e+00
1.000000000000000000e+00 -0.000000000000000000e+00 0.000000000000000000e+00 -2.100000000000000533e+00 0.000000000000000000e+00 1.000000000000000000e+00 0.000000000000000000e+00 -8.199999999999999289e+00 0.000000000000000000e+00 0.000000000000000000e+00 1.000000000000000000e+00 0.000000000000000000e+00
1.000000000000000000e+00 -0.000000000000000000e+00 0.000000000000000000e+00 -1.550000000000000488e+00 0.000000000000000000e+00 1.000000000000000000e+00 0.000000000000000000e+00 -8.199999999999999289e+00 0.000000000000000000e+00 0.000000000000000000e+00 1.000000000000000000e+00 0.000000000000000000e+00
1.000000000000000000e+00 -0.000000000000000000e+00 0.000000000000000000e+00 -1.000000000000000444e+00 0.000000000000000000e+00 1.000000000000000000e+00 0.000000000000000000e+00 -8.199999999999999289e+00 0.000000000000000000e+00 0.000000000000000000e+00 1.000000000000000000e+00 0.000000000000000000e+00
1.000000000000000000e+00 -0.000000000000000000e+00 0.000000000000000000e+00 -4.500000000000003997e-01 0.000000000000000000e+00 1.000000000000000000e+00 0.000000000000000000e+00 -8.199999999999999289e+00 0.000000000000000000e+00 0.000000000000000000e+00 1.000000000000000000e+00 0.000000000000000000e+00
1.000000000000000000e+00 -0.000000000000000000e+00 0.000000000000000000e+00 9.999999999999964473e-02 0.000000000000000000e+00 1.000000000000000000e+00 0.000000000000000000e+00 -8.199999999999999289e+00 0.000000000000000000e+00 0.000000000000000000e+00 1.000000000000000000e+00 0.000000000000000000e+00
1.000000000000000000e+00 -0.000000000000000000e+00 0.000000000000000000e+00 6.499999999999996891e-01 0.000000000000000000e+00 1.000000000000000000e+00 0.000000000000000000e+00 -8.199999999999999289e+00 0.000000000000000000e+00 0.000000000000000000e+00 1.000000000000000000e+00 0.000000000000000000e+00
1.000000000000000000e+00 -0.000000000000000000e+00 0.000000000000000000e+00 1.199999999999999734e+00 0.000000000000000000e+00 1.000000000000000000e+00 0.000000000000000000e+00 -8.199999999999999289e+00 0.000000000000000000e+00 0.000000000000000000e+00 1.000000000000000000e+00 0.000000000000000000e+00
1.000000000000000000e+00 -0.000000000000000000e+00 0.000000000000000000e+00 1.749999999999999778e+00 0.000000000000000000e+00 1.000000000000000000e+00 0.000000000000000000e+00 -8.199999999999999289e+00 0.000000000000000000e+00 0.000000000000000000e+00 1.000000000000000000e+00 0.000000000000000000e+00
1.000000000000000000e+00 -0.000000000000000000e+00 0.000000000000000000e+00 2.299999999999999822e+00 0.000000000000000000e+00 1.000000000000000000e+00 0.000000000000000000e+00 -8.199999999999999289e+00 0.000000000000000000e+00 0.000000000000000000e+00 1.000000000000000000e+00 0.000000000000000000e+00
1.000000000000000000e+00 -0.000000000000000000e+00 0.000000000000000000e+00 2.849999999999999645e+00 0.000000000000000000e+00 1.000000000000000000e+00 0.000000000000000000e+00 -8.199999999999999289e+00 0.000000000000000000e+00 0.000000000000000000e+00 1.000000000000000000e+00 0.000000000000000000e+00
1.000000000000000000e+00 -0.000000000000000000e+00 0.000000000000000000e+00 3.399999999999999467e+00 0.000000000000000000e+00 1.000000000000000000e+00 0.000000000000000000e+00 -8.199999999999999289e+00 0.000000000000000000e+00 0.000000000000000000e+00 1.000000000000000000e+00 0.000000000000000000e+00
1.000000000000000000e+00 -0.000000000000000000e+00 0.000000000000000000e+00 3.949999999999999289e+00 0.000000000000000000e+00 1.000000000000000000e+00 0.000000000000000000e+00 -8.199999999999999289e+00 0.000000000000000000e+00 0.000000000000000000e+00 1.000000000000000000e+00 0.000000000000000000e+00
1.000000000000000000e+00 -0.000000000000000000e+00 0.000000000000000000e+00 4.499999999999999112e+00 0.000000000000000000e+00 1.000000000000000000e+00 0.000000000000000000e+00 -8.199999999999999289e+00 0.000000000000000000e+00 0.000000000000000000e+00 1.000000000000000000e+00 0.000000000000000000e+00
1.000000000000000000e+00 -0.000000000000000000e+00 0.000000000000000000e+00 4.499999999999999112e+00 0.000000000000000000e+00 1.000000000000000000e+00 0.000000000000000000e+00 -8.199999999999999289e+00 0.000000000000000000e+00 0.000000000000000000e+00 1.000000000000000000e+00 0.000000000000000000e+00
9.965844930066698470e-01 -8.257934547233199141e-02 0.000000000000000000e+00 4.944405393757980605e+00 8.257934547233199141e-02 9.965844930066698470e-01 0.000000000000000000e+00 -8.163175519187349849e+00 0.000000000000000000e+00 0.000000000000000000e+00 1.000000000000000000e+00 0.000000000000000000e+00
9.694002659393302634e-01 -2.454854871407995687e-01 0.000000000000000000e+00 5.376688566852644513e+00 2.454854871407995687e-01 9.694002659393302634e-01 0.000000000000000000e+00 -8.053706552591712864e+00 0.000000000000000000e+00 0.000000000000000000e+00 1.000000000000000000e+00 0.000000000000000000e+00
9.157733266550570628e-01 -4.016954246529702011e-01 0.000000000000000000e+00 5.785057961200098298e+00 4.016954246529702011e-01 9.157733266550570628e-01 0.000000000000000000e+00 -7.874579128257519045e+00 0.000000000000000000e+00 0.000000000000000000e+00 1.000000000000000000e+00 0.000000000000000000e+00
8.371664782625284351e-01 -5.469481581224271416e-01 0.000000000000000000e+00 6.158374324262101851e+00 5.469481581224271416e-01 8.371664782625284351e-01 0.000000000000000000e+00 -7.630679375370261752e+00 0.000000000000000000e+00 0.000000000000000000e+00 1.000000000000000000e+00 0.000000000000000000e+00
7.357239106731321421e-01 -6.772815716257405416e-01 0.000000000000000000e+00 6.486454558817454696e+00 6.772815716257405416e-01 7.357239106731321421e-01 0.000000000000000000e+00 -7.328660243389499840e+00 0.000000000000000000e+00 0.000000000000000000e+00 1.000000000000000000e+00 0.000000000000000000e+00
6.142127126896677058e-01 -7.891405093963936856e-01 0.000000000000000000e+00 6.760349491308826231e+00 7.891405093963936856e-01 6.142127126896677058e-01 0.000000000000000000e+00 -6.976760026930551639e+00 0.000000000000000000e+00 0.000000000000000000e+00 1.000000000000000000e+00 0.000000000000000000e+00
4.759473930370746175e-01 -8.794737512064885188e-01 0.000000000000000000e+00 6.972587981968654702e+00 8.794737512064885188e-01 4.759473930370746175e-01 0.000000000000000000e+00 -6.584577646563016806e+00 0.000000000000000000e+00 0.000000000000000000e+00 1.000000000000000000e+00 0.000000000000000000e+00
3.246994692046821229e-01 -9.458172417006351917e-01 0.000000000000000000e+00 7.117380718036191212e+00 9.458172417006351917e-01 3.246994692046821229e-01 0.000000000000000000e+00 -6.162810815280156618e+00 0.000000000000000000e+00 0.000000000000000000e+00 1.000000000000000000e+00 0.000000000000000000e+00
1.645945902807344208e-01 -9.863613034027223225e-01 0.000000000000000000e+00 7.190778131118007899e+00 9.863613034027223225e-01 1.645945902807344208e-01 0.000000000000000000e+00 -5.722964232775296090e+00 0.000000000000000000e+00 0.000000000000000000e+00 1.000000000000000000e+00 0.000000000000000000e+00
-1.836970198721029688e-16 1.000000000000000000e+00 0.000000000000000000e+00 7.190778131118007899e+00 -1.000000000000000000e+00 -1.836970198721029688e-16 0.000000000000000000e+00 -5.277035767224702134e+00 0.000000000000000000e+00 0.000000000000000000e+00 1.000000000000000000e+00 0.000000000000000000e+00
1.645945902807341710e-01 9.863613034027223225e-01 0.000000000000000000e+00 7.117380718036191212e+00 -9.863613034027223225e-01 1.645945902807341710e-01 0.000000000000000000e+00 -4.837189184719841606e+00 0.000000000000000000e+00 0.000000000000000000e+00 1.000000000000000000e+00 0.000000000000000000e+00
3.246994692046825115e-01 9.458172417006349697e-01 0.000000000000000000e+00 6.972587981968654702e+00 -9.458172417006349697e-01 3.246994692046825115e-01 0.000000000000000000e+00 -4.415422353436982306e+00 0.000000000000000000e+00 0.000000000000000000e+00 1.000000000000000000e+00 0.000000000000000000e+00
4.759473930370746175e-01 8.794737512064885188e-01 0.000000000000000000e+00 6.760349491308826231e+00 -8.794737512064885188e-01 4.759473930370746175e-01 0.000000000000000000e+00 -4.023239973069447473e+00 0.000000000000000000e+00 0.000000000000000000e+00 1.000000000000000000e+00 0.000000000000000000e+00
6.142127126896663736e-01 7.891405093963947959e-01 0.000000000000000000e+00 6.486454558817454696e+00 -7.891405093963947959e-01 6.142127126896663736e-01 0.000000000000000000e+00 -3.671339756610498384e+00 0.000000000000000000e+00 0.000000000000000000e+00 1.000000000000000000e+00 0.000000000000000000e+00
7.357239106731306988e-01 6.772815716257420959e-01 0.000000000000000000e+00 6.158374324262102739e+00 -6.772815716257420959e-01 7.357239106731306988e-01 0.000000000000000000e+00 -3.369320624629736471e+00 0.000000000000000000e+00 0.000000000000000000e+00 1.000000000000000000e+00 0.000000000000000000e+00
8.371664782625285461e-01 5.469481581224269195e-01 0.000000000000000000e+00 5.785057961200098298e+00 -5.469481581224269195e-01 8.371664782625285461e-01 0.000000000000000000e+00 -3.125420871742478734e+00 0.000000000000000000e+00 0.000000000000000000e+00 1.000000000000000000e+00 0.000000000000000000e+00
9.157733266550572848e-01 4.016954246529699235e-01 0.000000000000000000e+00 5.376688566852644513e+00 -4.016954246529699235e-01 9.157733266550572848e-01 0.000000000000000000e+00 -2.946293447408285360e+00 0.000000000000000000e+00 0.000000000000000000e+00 1.000000000000000000e+00 0.000000000000000000e+00
9.694002659393303745e-01 2.454854871407992079e-01 0.000000000000000000e+00 4.944405393757980605e+00 -2.454854871407992079e-01 9.694002659393303745e-01 0.000000000000000000e+00 -2.836824480812648819e+00 0.000000000000000000e+00 0.000000000000000000e+00 1.000000000000000000e+00 0.000000000000000000e+00
-9.965844930066697360e-01 -8.257934547233311551e-02 0.000000000000000000e+00 4.499999999999999112e+00 8.257934547233311551e-02 -9.965844930066697360e-01 0.000000000000000000e+00 -2.799999999999998934e+00 0.000000000000000000e+00 0.000000000000000000e+00 1.000000000000000000e+00 0.000000000000000000e+00
