1.000000000000000000e+00 -0.000000000000000000e+00 0.000000000000000000e+00 -5.000000000000000000e+00 0.000000000000000000e+00 1.000000000000000000e+00 0.000000000000000000e+00 -8.000000000000000000e+00 0.000000000000000000e+00 0.000000000000000000e+00 1.000000000000000000e+00 0.000000000000000000e+00
9.999993203736485814e-01 1.165869735881329980e-03 0.000000000000000000e+00 -4.582429999999999559e+00 -1.165869735881329980e-03 9.999993203736485814e-01 0.000000000000000000e+00 -8.018420000000000769e+00 0.000000000000000000e+00 0.000000000000000000e+00 1.000000000000000000e+00 0.000000000000000000e+00
9.999821923166840598e-01 -5.967834575311601296e-03 0.000000000000000000e+00 -4.164860000000000007e+00 5.967834575311601296e-03 9.999821923166840598e-01 0.000000000000000000e+00 -8.037349999999999994e+00 0.000000000000000000e+00 0.000000000000000000e+00 1.000000000000000000e+00 0.000000000000000000e+00
9.994634424651929194e-01 -3.275404059999219991e-02 0.000000000000000000e+00 -3.794130000000000003e+00 3.275404059999219991e-02 9.994634424651929194e-01 0.000000000000000000e+00 -8.018110000000000070e+00 0.000000000000000000e+00 0.000000000000000000e+00 1.000000000000000000e+00 0.000000000000000000e+00
9.987036074824624521e-01 -5.090289187772735480e-02 0.000000000000000000e+00 -3.423630000000000173e+00 5.090289187772735480e-02 9.987036074824624521e-01 0.000000000000000000e+00 -7.986780000000000435e+00 0.000000000000000000e+00 0.000000000000000000e+00 1.000000000000000000e+00 0.000000000000000000e+00
9.921986645954458117e-01 -1.246667957999003512e-01 0.000000000000000000e+00 -2.900570000000000093e+00 1.246667957999003512e-01 9.921986645954458117e-01 0.000000000000000000e+00 -7.963899999999999757e+00 0.000000000000000000e+00 0.000000000000000000e+00 1.000000000000000000e+00 0.000000000000000000e+00
9.999683932717469137e-01 -7.950626234513365892e-03 0.000000000000000000e+00 -2.355550000000000033e+00 7.950626234513365892e-03 9.999683932717469137e-01 0.000000000000000000e+00 -7.743479999999999919e+00 0.000000000000000000e+00 0.000000000000000000e+00 1.000000000000000000e+00 0.000000000000000000e+00
9.982152907361964145e-01 5.971794822706842643e-02 0.000000000000000000e+00 -1.857739999999999947e+00 -5.971794822706842643e-02 9.982152907361964145e-01 0.000000000000000000e+00 -7.729540000000000077e+00 0.000000000000000000e+00 0.000000000000000000e+00 1.000000000000000000e+00 0.000000000000000000e+00
9.998582156025509482e-01 -1.683890412357105099e-02 0.000000000000000000e+00 -1.413980000000000015e+00 1.683890412357105099e-02 9.998582156025509482e-01 0.000000000000000000e+00 -7.719710000000000072e+00 0.000000000000000000e+00 0.000000000000000000e+00 1.000000000000000000e+00 0.000000000000000000e+00
9.991506543747656899e-01 -4.120642986813358166e-02 0.000000000000000000e+00 -9.055670000000000108e-01 4.120642986813358166e-02 9.991506543747656899e-01 0.000000000000000000e+00 -7.735450000000000159e+00 0.000000000000000000e+00 0.000000000000000000e+00 1.000000000000000000e+00 0.000000000000000000e+00
9.998835364124930569e-01 -1.526150750242665291e-02 0.000000000000000000e+00 -4.461959999999999815e-01 1.526150750242665291e-02 9.998835364124930569e-01 0.000000000000000000e+00 -7.602999999999999758e+00 0.000000000000000000e+00 0.000000000000000000e+00 1.000000000000000000e+00 0.000000000000000000e+00
9.792636569370773980e-01 2.025899558275828793e-01 0.000000000000000000e+00 -2.645799999999999888e-02 -2.025899558275828793e-01 9.792636569370773980e-01 0.000000000000000000e+00 -7.672109999999999985e+00 0.000000000000000000e+00 0.000000000000000000e+00 1.000000000000000000e+00 0.000000000000000000e+00
9.699867536005132296e-01 2.431577632721958204e-01 0.000000000000000000e+00 4.329219999999999735e-01 -2.431577632721958204e-01 9.699867536005132296e-01 0.000000000000000000e+00 -7.682890000000000441e+00 0.000000000000000000e+00 0.000000000000000000e+00 1.000000000000000000e+00 0.000000000000000000e+00
9.702068986822736107e-01 2.422778853905663554e-01 0.000000000000000000e+00 9.754850000000000465e-01 -2.422778853905663554e-01 9.702068986822736107e-01 0.000000000000000000e+00 -7.977899999999999991e+00 0.000000000000000000e+00 0.000000000000000000e+00 1.000000000000000000e+00 0.000000000000000000e+00
9.939786911967489758e-01 1.095735435531679097e-01 0.000000000000000000e+00 1.352330000000000032e+00 -1.095735435531679097e-01 9.939786911967489758e-01 0.000000000000000000e+00 -7.922900000000000276e+00 0.000000000000000000e+00 0.000000000000000000e+00 1.000000000000000000e+00 0.000000000000000000e+00
9.869082855949810051e-01 1.612824721535957573e-01 0.000000000000000000e+00 1.856389999999999985e+00 -1.612824721535957573e-01 9.869082855949810051e-01 0.000000000000000000e+00 -7.990210000000000257e+00 0.000000000000000000e+00 0.000000000000000000e+00 1.000000000000000000e+00 0.000000000000000000e+00
9.950492678457630857e-01 9.938286854187101949e-02 0.000000000000000000e+00 2.136620000000000186e+00 -9.938286854187101949e-02 9.950492678457630857e-01 0.000000000000000000e+00 -8.119049999999999656e+00 0.000000000000000000e+00 0.000000000000000000e+00 1.000000000000000000e+00 0.000000000000000000e+00
9.941614798639346606e-01 1.079025113458965818e-01 0.000000000000000000e+00 2.760510000000000019e+00 -1.079025113458965818e-01 9.941614798639346606e-01 0.000000000000000000e+00 -8.078239999999999199e+00 0.000000000000000000e+00 0.000000000000000000e+00 1.000000000000000000e+00 0.000000000000000000e+00
9.764619785609850444e-01 2.156896020321014962e-01 0.000000000000000000e+00 3.208279999999999799e+00 -2.156896020321014962e-01 9.764619785609850444e-01 0.000000000000000000e+00 -8.249599999999999156e+00 0.000000000000000000e+00 0.000000000000000000e+00 1.000000000000000000e+00 0.000000000000000000e+00
9.732604309900830808e-01 2.297044480827432900e-01 0.000000000000000000e+00 3.564389999999999947e+00 -2.297044480827432900e-01 9.732604309900830808e-01 0.000000000000000000e+00 -8.137819999999999609e+00 0.000000000000000000e+00 0.000000000000000000e+00 1.000000000000000000e+00 0.000000000000000000e+00
9.923915680500120517e-01 1.231217919916630238e-01 0.000000000000000000e+00 3.534240000000000048e+00 -1.231217919916630238e-01 9.923915680500120517e-01 0.000000000000000000e+00 -8.268060000000000187e+00 0.000000000000000000e+00 0.000000000000000000e+00 1.000000000000000000e+00 0.000000000000000000e+00
9.993760876200925569e-01 3.531905283493563807e-02 0.000000000000000000e+00 3.827010000000000023e+00 -3.531905283493563807e-02 9.993760876200925569e-01 0.000000000000000000e+00 -8.202600000000000335e+00 0.000000000000000000e+00 0.000000000000000000e+00 1.000000000000000000e+00 0.000000000000000000e+00
9.976039932502469565e-01 -6.918289276375465258e-02 0.000000000000000000e+00 4.315949999999999953e+00 6.918289276375465258e-02 9.976039932502469565e-01 0.000000000000000000e+00 -8.117760000000000531e+00 0.000000000000000000e+00 0.000000000000000000e+00 1.000000000000000000e+00 0.000000000000000000e+00
9.629005499684850644e-01 -2.698565005153460983e-01 0.000000000000000000e+00 4.718709999999999738e+00 2.698565005153460983e-01 9.629005499684850644e-01 0.000000000000000000e+00 -7.956339999999999968e+00 0.000000000000000000e+00 0.000000000000000000e+00 1.000000000000000000e+00 0.000000000000000000e+00
9.108167725368124801e-01 -4.128108608862227080e-01 0.000000000000000000e+00 5.145719999999999850e+00 4.128108608862227080e-01 9.108167725368124801e-01 0.000000000000000000e+00 -7.811020000000000074e+00 0.000000000000000000e+00 0.000000000000000000e+00 1.000000000000000000e+00 0.000000000000000000e+00
8.463913477422774223e-01 -5.325614391476454212e-01 0.000000000000000000e+00 5.434450000000000003e+00 5.325614391476454212e-01 8.463913477422774223e-01 0.000000000000000000e+00 -7.589739999999999931e+00 0.000000000000000000e+00 0.000000000000000000e+00 1.000000000000000000e+00 0.000000000000000000e+00
7.456043782240385775e-01 -6.663888588302965266e-01 0.000000000000000000e+00 5.579659999999999620e+00 6.663888588302965266e-01 7.456043782240385775e-01 0.000000000000000000e+00 -7.340480000000000338e+00 0.000000000000000000e+00 0.000000000000000000e+00 1.000000000000000000e+00 0.000000000000000000e+00
6.733549298907541836e-01 -7.393193750956467136e-01 0.000000000000000000e+00 5.713879999999999626e+00 7.393193750956467136e-01 6.733549298907541836e-01 0.000000000000000000e+00 -7.118900000000000006e+00 0.000000000000000000e+00 0.000000000000000000e+00 1.000000000000000000e+00 0.000000000000000000e+00
4.938974071016961065e-01 -8.695201845030519072e-01 0.000000000000000000e+00 5.915689999999999671e+00 8.695201845030519072e-01 4.938974071016961065e-01 0.000000000000000000e+00 -6.745470000000000077e+00 0.000000000000000000e+00 0.000000000000000000e+00 1.000000000000000000e+00 0.000000000000000000e+00
3.097178974548023267e-01 -9.508284934709185787e-01 0.000000000000000000e+00 6.189189999999999969e+00 9.508284934709185787e-01 3.097178974548023267e-01 0.000000000000000000e+00 -6.320990000000000109e+00 0.000000000000000000e+00 0.000000000000000000e+00 1.000000000000000000e+00 0.000000000000000000e+00
-2.195602249606131429e-01 9.755989481417274289e-01 0.000000000000000000e+00 6.280100000000000016e+00 -9.755989481417274289e-01 -2.195602249606131429e-01 0.000000000000000000e+00 -6.006039999999999601e+00 0.000000000000000000e+00 0.000000000000000000e+00 1.000000000000000000e+00 0.000000000000000000e+00
-1.116106434485047150e-01 9.937520134666448790e-01 0.000000000000000000e+00 6.311960000000000015e+00 -9.937520134666448790e-01 -1.116106434485047150e-01 0.000000000000000000e+00 -5.507979999999999876e+00 0.000000000000000000e+00 0.000000000000000000e+00 1.000000000000000000e+00 0.000000000000000000e+00
-4.136187043852881245e-02 9.991442316671934609e-01 0.000000000000000000e+00 6.322530000000000427e+00 -9.991442316671934609e-01 -4.136187043852881245e-02 0.000000000000000000e+00 -5.133740000000000414e+00 0.000000000000000000e+00 0.000000000000000000e+00 1.000000000000000000e+00 0.000000000000000000e+00
2.183821793340944839e-01 9.758633222686932118e-01 0.000000000000000000e+00 6.417539999999999800e+00 -9.758633222686932118e-01 2.183821793340944839e-01 0.000000000000000000e+00 -4.897850000000000037e+00 0.000000000000000000e+00 0.000000000000000000e+00 1.000000000000000000e+00 0.000000000000000000e+00
4.355834325923936823e-01 9.001483617998911058e-01 0.000000000000000000e+00 6.116640000000000299e+00 -9.001483617998911058e-01 4.355834325923936823e-01 0.000000000000000000e+00 -4.538339999999999819e+00 0.000000000000000000e+00 0.000000000000000000e+00 1.000000000000000000e+00 0.000000000000000000e+00
5.837342951909283428e-01 8.119447472691415646e-01 0.000000000000000000e+00 5.867180000000000284e+00 -8.119447472691415646e-01 5.837342951909283428e-01 0.000000000000000000e+00 -4.148049999999999571e+00 0.000000000000000000e+00 0.000000000000000000e+00 1.000000000000000000e+00 0.000000000000000000e+00
7.272434776397845857e-01 6.863795773698341263e-01 0.000000000000000000e+00 5.556840000000000224e+00 -6.863795773698341263e-01 7.272434776397845857e-01 0.000000000000000000e+00 -3.951789999999999914e+00 0.000000000000000000e+00 0.000000000000000000e+00 1.000000000000000000e+00 0.000000000000000000e+00
8.398220431664692454e-01 5.428618017614583735e-01 0.000000000000000000e+00 5.299599999999999866e+00 -5.428618017614583735e-01 8.398220431664692454e-01 0.000000000000000000e+00 -3.589640000000000164e+00 0.000000000000000000e+00 0.000000000000000000e+00 1.000000000000000000e+00 0.000000000000000000e+00
8.529105550957658544e-01 5.220570706409717321e-01 0.000000000000000000e+00 5.018919999999999604e+00 -5.220570706409717321e-01 8.529105550957658544e-01 0.000000000000000000e+00 -3.286420000000000119e+00 0.000000000000000000e+00 0.000000000000000000e+00 1.000000000000000000e+00 0.000000000000000000e+00
8.774343775050714722e-01 4.796966887234970778e-01 0.000000000000000000e+00 4.577440000000000175e+00 -4.796966887234970778e-01 8.774343775050714722e-01 0.000000000000000000e+00 -2.981399999999999828e+00 0.000000000000000000e+00 0.000000000000000000e+00 1.000000000000000000e+00 0.000000000000000000e+00
-8.816010763946667828e-01 -4.719952776244322745e-01 0.000000000000000000e+00 4.727260000000000240e+00 4.719952776244322745e-01 -8.816010763946667828e-01 0.000000000000000000e+00 -3.109570000000000167e+00 0.000000000000000000e+00 0.000000000000000000e+00 1.000000000000000000e+00 0.000000000000000000e+00
9.543802616477687906e-01 2.985938984258326712e-01 0.000000000000000000e+00 4.046170000000000044e+00 -2.985938984258326712e-01 9.543802616477687906e-01 0.000000000000000000e+00 -2.911979999999999791e+00 0.000000000000000000e+00 0.000000000000000000e+00 1.000000000000000000e+00 0.000000000000000000e+00
9.939447855192904413e-01 1.098806777327643314e-01 0.000000000000000000e+00 3.628849999999999909e+00 -1.098806777327643314e-01 9.939447855192904413e-01 0.000000000000000000e+00 -2.870569999999999844e+00 0.000000000000000000e+00 0.000000000000000000e+00 1.000000000000000000e+00 0.000000000000000000e+00
9.999194716094218505e-01 1.269055933892045303e-02 0.000000000000000000e+00 3.113179999999999836e+00 -1.269055933892045303e-02 9.999194716094218505e-01 0.000000000000000000e+00 -2.731570000000000054e+00 0.000000000000000000e+00 0.000000000000000000e+00 1.000000000000000000e+00 0.000000000000000000e+00
9.965693304399920738e-01 -8.276212676330775564e-02 0.000000000000000000e+00 2.597620000000000040e+00 8.276212676330775564e-02 9.965693304399920738e-01 0.000000000000000000e+00 -2.662269999999999914e+00 0.000000000000000000e+00 0.000000000000000000e+00 1.000000000000000000e+00 0.000000000000000000e+00
9.931922236047550090e-01 -1.164869390577430441e-01 0.000000000000000000e+00 2.145070000000000032e+00 1.164869390577430441e-01 9.931922236047550090e-01 0.000000000000000000e+00 -2.808739999999999792e+00 0.000000000000000000e+00 0.000000000000000000e+00 1.000000000000000000e+00 0.000000000000000000e+00
9.943402906659702944e-01 -1.062421119816134435e-01 0.000000000000000000e+00 1.787420000000000009e+00 1.062421119816134435e-01 9.943402906659702944e-01 0.000000000000000000e+00 -2.919150000000000134e+00 0.000000000000000000e+00 0.000000000000000000e+00 1.000000000000000000e+00 0.000000000000000000e+00
9.840261471758583456e-01 -1.780239918500764185e-01 0.000000000000000000e+00 1.226450000000000040e+00 1.780239918500764185e-01 9.840261471758583456e-01 0.000000000000000000e+00 -2.791659999999999808e+00 0.000000000000000000e+00 0.000000000000000000e+00 1.000000000000000000e+00 0.000000000000000000e+00
9.715889205435417342e-01 -2.366748180035959936e-01 0.000000000000000000e+00 7.873620000000000063e-01 2.366748180035959936e-01 9.715889205435417342e-01 0.000000000000000000e+00 -2.947820000000000107e+00 0.000000000000000000e+00 0.000000000000000000e+00 1.000000000000000000e+00 0.000000000000000000e+00
9.834360299954253426e-01 -1.812555513821212938e-01 0.000000000000000000e+00 2.344169999999999865e-01 1.812555513821212938e-01 9.834360299954253426e-01 0.000000000000000000e+00 -3.077659999999999840e+00 0.000000000000000000e+00 0.000000000000000000e+00 1.000000000000000000e+00 0.000000000000000000e+00
9.857616968920017708e-01 -1.681483777519168221e-01 0.000000000000000000e+00 -2.021090000000000109e-01 1.681483777519168221e-01 9.857616968920017708e-01 0.000000000000000000e+00 -3.097970000000000113e+00 0.000000000000000000e+00 0.000000000000000000e+00 1.000000000000000000e+00 0.000000000000000000e+00
9.996052912154458348e-01 -2.809380312602283852e-02 0.000000000000000000e+00 -6.384530000000000483e-01 2.809380312602283852e-02 9.996052912154458348e-01 0.000000000000000000e+00 -3.281769999999999854e+00 0.000000000000000000e+00 0.000000000000000000e+00 1.000000000000000000e+00 0.000000000000000000e+00
9.949550271341245367e-01 -1.003219516383800358e-01 0.000000000000000000e+00 -1.095679999999999987e+00 1.003219516383800358e-01 9.949550271341245367e-01 0.000000000000000000e+00 -3.276559999999999917e+00 0.000000000000000000e+00 0.000000000000000000e+00 1.000000000000000000e+00 0.000000000000000000e+00
9.998306051615262202e-01 -1.840546066623101676e-02 0.000000000000000000e+00 -1.366400000000000059e+00 1.840546066623101676e-02 9.998306051615262202e-01 0.000000000000000000e+00 -3.207479999999999887e+00 0.000000000000000000e+00 0.000000000000000000e+00 1.000000000000000000e+00 0.000000000000000000e+00
9.998396721691470423e-01 1.790614298760404705e-02 0.000000000000000000e+00 -1.753090000000000037e+00 -1.790614298760404705e-02 9.998396721691470423e-01 0.000000000000000000e+00 -3.344840000000000035e+00 0.000000000000000000e+00 0.000000000000000000e+00 1.000000000000000000e+00 0.000000000000000000e+00
9.966390151362506389e-01 8.191870060153702560e-02 0.000000000000000000e+00 -2.257639999999999869e+00 -8.191870060153702560e-02 9.966390151362506389e-01 0.000000000000000000e+00 -3.163089999999999957e+00 0.000000000000000000e+00 0.000000000000000000e+00 1.000000000000000000e+00 0.000000000000000000e+00
9.905988680333548402e-01 1.367986938937506836e-01 0.000000000000000000e+00 -2.840019999999999989e+00 -1.367986938937506836e-01 9.905988680333548402e-01 0.000000000000000000e+00 -3.123819999999999819e+00 0.000000000000000000e+00 0.000000000000000000e+00 1.000000000000000000e+00 0.000000000000000000e+00
9.712770911515263839e-01 2.379512811569410302e-01 0.000000000000000000e+00 -3.239360000000000017e+00 -2.379512811569410302e-01 9.712770911515263839e-01 0.000000000000000000e+00 -3.176449999999999996e+00 0.000000000000000000e+00 0.000000000000000000e+00 1.000000000000000000e+00 0.000000000000000000e+00
9.993903657363744086e-01 3.491270360937000911e-02 0.000000000000000000e+00 -3.780260000000000176e+00 -3.491270360937000911e-02 9.993903657363744086e-01 0.000000000000000000e+00 -3.094069999999999876e+00 0.000000000000000000e+00 0.000000000000000000e+00 1.000000000000000000e+00 0.000000000000000000e+00
9.895708272760987967e-01 1.440471374380536962e-01 0.000000000000000000e+00 -4.185640000000000249e+00 -1.440471374380536962e-01 9.895708272760987967e-01 0.000000000000000000e+00 -3.069819999999999993e+00 0.000000000000000000e+00 0.000000000000000000e+00 1.000000000000000000e+00 0.000000000000000000e+00
-2.822260261876232690e-01 9.593479400834418191e-01 0.000000000000000000e+00 -4.117370000000000196e+00 -9.593479400834418191e-01 -2.822260261876232690e-01 0.000000000000000000e+00 -3.179600000000000204e+00 0.000000000000000000e+00 0.000000000000000000e+00 1.000000000000000000e+00 0.000000000000000000e+00
9.952188906915632183e-01 9.766964528784925770e-02 0.000000000000000000e+00 -4.541929999999999801e+00 -9.766964528784925770e-02 9.952188906915632183e-01 0.000000000000000000e+00 -3.214399999999999924e+00 0.000000000000000000e+00 0.000000000000000000e+00 1.000000000000000000e+00 0.000000000000000000e+00
9.998651110776076711e-01 -1.642436147201217084e-02 0.000000000000000000e+00 -4.931160000000000210e+00 1.642436147201217084e-02 9.998651110776076711e-01 0.000000000000000000e+00 -3.159860000000000113e+00 0.000000000000000000e+00 0.000000000000000000e+00 1.000000000000000000e+00 0.000000000000000000e+00
9.932606621282782378e-01 -1.159019286659819792e-01 0.000000000000000000e+00 -5.458910000000000373e+00 1.159019286659819792e-01 9.932606621282782378e-01 0.000000000000000000e+00 -3.169669999999999987e+00 0.000000000000000000e+00 0.000000000000000000e+00 1.000000000000000000e+00 0.000000000000000000e+00
9.556939578605748720e-01 -2.943621220687024920e-01 0.000000000000000000e+00 -5.935509999999999842e+00 2.943621220687024920e-01 9.556939578605748720e-01 0.000000000000000000e+00 -3.340850000000000097e+00 0.000000000000000000e+00 0.000000000000000000e+00 1.000000000000000000e+00 0.000000000000000000e+00
9.146678118005365787e-01 -4.042063755756682419e-01 0.000000000000000000e+00 -6.313729999999999620e+00 4.042063755756682419e-01 9.146678118005365787e-01 0.000000000000000000e+00 -3.673540000000000028e+00 0.000000000000000000e+00 0.000000000000000000e+00 1.000000000000000000e+00 0.000000000000000000e+00
9.053364745269613101e-01 -4.246950292752351142e-01 0.000000000000000000e+00 -6.902099999999999902e+00 4.246950292752351142e-01 9.053364745269613101e-01 0.000000000000000000e+00 -3.940719999999999779e+00 0.000000000000000000e+00 0.000000000000000000e+00 1.000000000000000000e+00 0.000000000000000000e+00
8.534332280302467932e-01 -5.212021923341005891e-01 0.000000000000000000e+00 -7.358629999999999782e+00 5.212021923341005891e-01 8.534332280302467932e-01 0.000000000000000000e+00 -4.225419999999999732e+00 0.000000000000000000e+00 0.000000000000000000e+00 1.000000000000000000e+00 0.000000000000000000e+00
7.255245696532203192e-01 -6.881962647599225713e-01 0.000000000000000000e+00 -7.485079999999999956e+00 6.881962647599225713e-01 7.255245696532203192e-01 0.000000000000000000e+00 -4.535059999999999647e+00 0.000000000000000000e+00 0.000000000000000000e+00 1.000000000000000000e+00 0.000000000000000000e+00
5.436714121244321518e-01 -8.392981565800236021e-01 0.000000000000000000e+00 -7.667080000000000339e+00 8.392981565800236021e-01 5.436714121244321518e-01 0.000000000000000000e+00 -4.963930000000000398e+00 0.000000000000000000e+00 0.000000000000000000e+00 1.000000000000000000e+00 0.000000000000000000e+00
-3.023276877982065125e-01 9.532040543297065627e-01 0.000000000000000000e+00 -7.913030000000000008e+00 -9.532040543297065627e-01 -3.023276877982065125e-01 0.000000000000000000e+00 -5.328929999999999723e+00 0.000000000000000000e+00 0.000000000000000000e+00 1.000000000000000000e+00 0.000000000000000000e+00
-1.574853167068376580e-01 9.875213288945950962e-01 0.000000000000000000e+00 -7.912589999999999790e+00 -9.875213288945950962e-01 -1.574853167068376580e-01 0.000000000000000000e+00 -5.999290000000000234e+00 0.000000000000000000e+00 0.000000000000000000e+00 1.000000000000000000e+00 0.000000000000000000e+00
9.338008160906098587e-02 9.956305340630554612e-01 0.000000000000000000e+00 -7.798020000000000174e+00 -9.956305340630554612e-01 9.338008160906098587e-02 0.000000000000000000e+00 -6.421020000000000394e+00 0.000000000000000000e+00 0.000000000000000000e+00 1.000000000000000000e+00 0.000000000000000000e+00
2.741601932990696544e-01 9.616840377224823433e-01 0.000000000000000000e+00 -7.843989999999999796e+00 -9.616840377224823433e-01 2.741601932990696544e-01 0.000000000000000000e+00 -6.913610000000000255e+00 0.000000000000000000e+00 0.000000000000000000e+00 1.000000000000000000e+00 0.000000000000000000e+00
4.390547516352301671e-01 8.984603080083873872e-01 0.000000000000000000e+00 -7.654099999999999682e+00 -8.984603080083873872e-01 4.390547516352301671e-01 0.000000000000000000e+00 -7.221560000000000201e+00 0.000000000000000000e+00 0.000000000000000000e+00 1.000000000000000000e+00 0.000000000000000000e+00
6.592127369071885123e-01 7.519564930894165888e-01 0.000000000000000000e+00 -7.337049999999999628e+00 -7.519564930894165888e-01 6.592127369071885123e-01 0.000000000000000000e+00 -7.637570000000000192e+00 0.000000000000000000e+00 0.000000000000000000e+00 1.000000000000000000e+00 0.000000000000000000e+00
7.612945721733918036e-01 6.484061800903291317e-01 0.000000000000000000e+00 -7.107339999999999769e+00 -6.484061800903291317e-01 7.612945721733918036e-01 0.000000000000000000e+00 -7.935310000000000308e+00 0.000000000000000000e+00 0.000000000000000000e+00 1.000000000000000000e+00 0.000000000000000000e+00
9.572721743456741317e-01 2.891884925502835046e-01 0.000000000000000000e+00 -6.716649999999999565e+00 -2.891884925502835046e-01 9.572721743456741317e-01 0.000000000000000000e+00 -8.124810000000000088e+00 0.000000000000000000e+00 0.000000000000000000e+00 1.000000000000000000e+00 0.000000000000000000e+00
9.899061801181122666e-01 1.417242201035782689e-01 0.000000000000000000e+00 -6.323330000000000339e+00 -1.417242201035782689e-01 9.899061801181122666e-01 0.000000000000000000e+00 -8.268580000000000041e+00 0.000000000000000000e+00 0.000000000000000000e+00 1.000000000000000000e+00 0.000000000000000000e+00
9.938355165835022209e-01 1.108646290626694314e-01 0.000000000000000000e+00 -5.933980000000000032e+00 -1.108646290626694314e-01 9.938355165835022209e-01 0.000000000000000000e+00 -8.203049999999999287e+00 0.000000000000000000e+00 0.000000000000000000e+00 1.000000000000000000e+00 0.000000000000000000e+00
9.998931779424344857e-01 -1.461617953430384420e-02 0.000000000000000000e+00 -5.926840000000000330e+00 1.461617953430384420e-02 9.998931779424344857e-01 0.000000000000000000e+00 -8.186840000000000117e+00 0.000000000000000000e+00 0.000000000000000000e+00 1.000000000000000000e+00 0.000000000000000000e+00
9.952270816720159008e-01 9.758614607925962525e-02 0.000000000000000000e+00 -5.404729999999999812e+00 -9.758614607925962525e-02 9.952270816720159008e-01 0.000000000000000000e+00 -8.183680000000000732e+00 0.000000000000000000e+00 0.000000000000000000e+00 1.000000000000000000e+00 0.000000000000000000e+00
9.992362864340174067e-01 3.907484962932355338e-02 0.000000000000000000e+00 -4.880209999999999937e+00 -3.907484962932355338e-02 9.992362864340174067e-01 0.000000000000000000e+00 -8.266799999999999926e+00 0.000000000000000000e+00 0.000000000000000000e+00 1.000000000000000000e+00 0.000000000000000000e+00
9.971321814525675453e-01 -7.567967171998039866e-02 0.000000000000000000e+00 -4.364720000000000155e+00 7.567967171998039866e-02 9.971321814525675453e-01 0.000000000000000000e+00 -8.220900000000000318e+00 0.000000000000000000e+00 0.000000000000000000e+00 1.000000000000000000e+00 0.000000000000000000e+00
9.928870724959770744e-01 -1.190599062252626766e-01 0.000000000000000000e+00 -3.947550000000000114e+00 1.190599062252626766e-01 9.928870724959770744e-01 0.000000000000000000e+00 -8.167669999999999320e+00 0.000000000000000000e+00 0.000000000000000000e+00 1.000000000000000000e+00 0.000000000000000000e+00
9.880075165577107965e-01 -1.544057875387601919e-01 0.000000000000000000e+00 -3.360399999999999832e+00 1.544057875387601919e-01 9.880075165577107965e-01 0.000000000000000000e+00 -8.098900000000000432e+00 0.000000000000000000e+00 0.000000000000000000e+00 1.000000000000000000e+00 0.000000000000000000e+00
9.998833715298988123e-01 -1.527230624372964696e-02 0.000000000000000000e+00 -2.741989999999999927e+00 1.527230624372964696e-02 9.998833715298988123e-01 0.000000000000000000e+00 -7.998829999999999885e+00 0.000000000000000000e+00 0.000000000000000000e+00 1.000000000000000000e+00 0.000000000000000000e+00
9.999756900588481212e-01 6.972753497041506848e-03 0.000000000000000000e+00 -2.032049999999999912e+00 -6.972753497041506848e-03 9.999756900588481212e-01 0.000000000000000000e+00 -7.904110000000000191e+00 0.000000000000000000e+00 0.000000000000000000e+00 1.000000000000000000e+00 0.000000000000000000e+00
9.999803247372895942e-01 -6.272968858906123601e-03 0.000000000000000000e+00 -1.581930000000000058e+00 6.272968858906123601e-03 9.999803247372895942e-01 0.000000000000000000e+00 -7.878230000000000288e+00 0.000000000000000000e+00 0.000000000000000000e+00 1.000000000000000000e+00 0.000000000000000000e+00
9.940137038383789481e-01 -1.092554647672480256e-01 0.000000000000000000e+00 -1.001009999999999955e+00 1.092554647672480256e-01 9.940137038383789481e-01 0.000000000000000000e+00 -7.868500000000000050e+00 0.000000000000000000e+00 0.000000000000000000e+00 1.000000000000000000e+00 0.000000000000000000e+00
9.998259632238675199e-01 1.865591765273097447e-02 0.000000000000000000e+00 -3.607469999999999843e-01 -1.865591765273097447e-02 9.998259632238675199e-01 0.000000000000000000e+00 -7.834839999999999804e+00 0.000000000000000000e+00 0.000000000000000000e+00 1.000000000000000000e+00 0.000000000000000000e+00
9.858330709237930201e-01 1.677294138574497162e-01 0.000000000000000000e+00 9.398220000000000185e-02 -1.677294138574497162e-01 9.858330709237930201e-01 0.000000000000000000e+00 -7.788689999999999891e+00 0.000000000000000000e+00 0.000000000000000000e+00 1.000000000000000000e+00 0.000000000000000000e+00
9.780461296908601332e-01 2.083885030339467093e-01 0.000000000000000000e+00 6.381750000000000478e-01 -2.083885030339467093e-01 9.780461296908601332e-01 0.000000000000000000e+00 -7.938850000000000406e+00 0.000000000000000000e+00 0.000000000000000000e+00 1.000000000000000000e+00 0.000000000000000000e+00
9.895346402730057500e-01 1.442955151755351273e-01 0.000000000000000000e+00 1.068540000000000045e+00 -1.442955151755351273e-01 9.895346402730057500e-01 0.000000000000000000e+00 -8.003959999999999297e+00 0.000000000000000000e+00 0.000000000000000000e+00 1.000000000000000000e+00 0.000000000000000000e+00
9.920866904401597353e-01 1.255547635555524788e-01 0.000000000000000000e+00 1.694919999999999982e+00 -1.255547635555524788e-01 9.920866904401597353e-01 0.000000000000000000e+00 -8.124739999999999185e+00 0.000000000000000000e+00 0.000000000000000000e+00 1.000000000000000000e+00 0.000000000000000000e+00
9.992300530553407389e-01 -3.923392755028288353e-02 0.000000000000000000e+00 2.207279999999999909e+00 3.923392755028288353e-02 9.992300530553407389e-01 0.000000000000000000e+00 -8.418649999999999523e+00 0.000000000000000000e+00 0.000000000000000000e+00 1.000000000000000000e+00 0.000000000000000000e+00
9.981101224168803521e-01 6.145065930451990011e-02 0.000000000000000000e+00 2.760339999999999794e+00 -6.145065930451990011e-02 9.981101224168803521e-01 0.000000000000000000e+00 -8.405509999999999593e+00 0.000000000000000000e+00 0.000000000000000000e+00 1.000000000000000000e+00 0.000000000000000000e+00
9.597175839880590642e-01 2.809664730606175609e-01 0.000000000000000000e+00 3.315300000000000136e+00 -2.809664730606175609e-01 9.597175839880590642e-01 0.000000000000000000e+00 -8.430680000000000618e+00 0.000000000000000000e+00 0.000000000000000000e+00 1.000000000000000000e+00 0.000000000000000000e+00
9.779411865510201363e-01 2.088804338543534533e-01 0.000000000000000000e+00 3.995579999999999909e+00 -2.088804338543534533e-01 9.779411865510201363e-01 0.000000000000000000e+00 -8.630649999999999267e+00 0.000000000000000000e+00 0.000000000000000000e+00 1.000000000000000000e+00 0.000000000000000000e+00
9.776536822554051653e-01 2.102219721447955159e-01 0.000000000000000000e+00 4.455770000000000231e+00 -2.102219721447955159e-01 9.776536822554051653e-01 0.000000000000000000e+00 -8.561019999999999186e+00 0.000000000000000000e+00 0.000000000000000000e+00 1.000000000000000000e+00 0.000000000000000000e+00
9.932129425456466265e-01 1.163101489974888852e-01 0.000000000000000000e+00 4.451170000000000293e+00 -1.163101489974888852e-01 9.932129425456466265e-01 0.000000000000000000e+00 -8.656280000000000641e+00 0.000000000000000000e+00 0.000000000000000000e+00 1.000000000000000000e+00 0.000000000000000000e+00
9.972518591936246901e-01 7.408595909387252765e-02 0.000000000000000000e+00 4.936720000000000219e+00 -7.408595909387252765e-02 9.972518591936246901e-01 0.000000000000000000e+00 -8.632350000000000634e+00 0.000000000000000000e+00 0.000000000000000000e+00 1.000000000000000000e+00 0.000000000000000000e+00
9.995522387105391093e-01 -2.992193323883593839e-02 0.000000000000000000e+00 5.306390000000000384e+00 2.992193323883593839e-02 9.995522387105391093e-01 0.000000000000000000e+00 -8.440799999999999415e+00 0.000000000000000000e+00 0.000000000000000000e+00 1.000000000000000000e+00 0.000000000000000000e+00
9.796197027105437716e-01 -2.008612408139158201e-01 0.000000000000000000e+00 5.719009999999999927e+00 2.008612408139158201e-01 9.796197027105437716e-01 0.000000000000000000e+00 -8.262570000000000192e+00 0.000000000000000000e+00 0.000000000000000000e+00 1.000000000000000000e+00 0.000000000000000000e+00
9.166762030454972399e-01 -3.996307530334601288e-01 0.000000000000000000e+00 6.192429999999999879e+00 3.996307530334601288e-01 9.166762030454972399e-01 0.000000000000000000e+00 -8.151279999999999859e+00 0.000000000000000000e+00 0.000000000000000000e+00 1.000000000000000000e+00 0.000000000000000000e+00
8.458087526349495899e-01 -5.334862265945679027e-01 0.000000000000000000e+00 6.387129999999999974e+00 5.334862265945679027e-01 8.458087526349495899e-01 0.000000000000000000e+00 -7.858839999999999826e+00 0.000000000000000000e+00 0.000000000000000000e+00 1.000000000000000000e+00 0.000000000000000000e+00
7.685107411817001521e-01 -6.398368860017010773e-01 0.000000000000000000e+00 6.633770000000000167e+00 6.398368860017010773e-01 7.685107411817001521e-01 0.000000000000000000e+00 -7.592430000000000234e+00 0.000000000000000000e+00 0.000000000000000000e+00 1.000000000000000000e+00 0.000000000000000000e+00
6.369661485194673123e-01 -7.708917729748293590e-01 0.000000000000000000e+00 6.879340000000000011e+00 7.708917729748293590e-01 6.369661485194673123e-01 0.000000000000000000e+00 -7.415740000000000443e+00 0.000000000000000000e+00 0.000000000000000000e+00 1.000000000000000000e+00 0.000000000000000000e+00
4.644968166726983205e-01 -8.855747892193689408e-01 0.000000000000000000e+00 7.073959999999999582e+00 8.855747892193689408e-01 4.644968166726983205e-01 0.000000000000000000e+00 -7.022999999999999687e+00 0.000000000000000000e+00 0.000000000000000000e+00 1.000000000000000000e+00 0.000000000000000000e+00
3.580852299127670890e-01 -9.336889032854148729e-01 0.000000000000000000e+00 7.256949999999999790e+00 9.336889032854148729e-01 3.580852299127670890e-01 0.000000000000000000e+00 -6.730480000000000018e+00 0.000000000000000000e+00 0.000000000000000000e+00 1.000000000000000000e+00 0.000000000000000000e+00
-2.239579283661584097e-01 9.745988130107375857e-01 0.000000000000000000e+00 7.384549999999999947e+00 -9.745988130107375857e-01 -2.239579283661584097e-01 0.000000000000000000e+00 -6.283610000000000362e+00 0.000000000000000000e+00 0.000000000000000000e+00 1.000000000000000000e+00 0.000000000000000000e+00
-1.325424991621816095e-01 9.911773231444730436e-01 0.000000000000000000e+00 7.405170000000000030e+00 -9.911773231444730436e-01 -1.325424991621816095e-01 0.000000000000000000e+00 -5.885379999999999612e+00 0.000000000000000000e+00 0.000000000000000000e+00 1.000000000000000000e+00 0.000000000000000000e+00
-5.438682541230267092e-02 9.985199413239436161e-01 0.000000000000000000e+00 7.431390000000000384e+00 -9.985199413239436161e-01 -5.438682541230267092e-02 0.000000000000000000e+00 -5.418040000000000411e+00 0.000000000000000000e+00 0.000000000000000000e+00 1.000000000000000000e+00 0.000000000000000000e+00
1.007550727017510195e-01 9.949112600251667216e-01 0.000000000000000000e+00 7.393460000000000143e+00 -9.949112600251667216e-01 1.007550727017510195e-01 0.000000000000000000e+00 -4.838949999999999640e+00 0.000000000000000000e+00 0.000000000000000000e+00 1.000000000000000000e+00 0.000000000000000000e+00
3.678039516539015619e-01 9.299033568859585985e-01 0.000000000000000000e+00 7.265089999999999826e+00 -9.299033568859585985e-01 3.678039516539015619e-01 0.000000000000000000e+00 -4.621760000000000090e+00 0.000000000000000000e+00 0.000000000000000000e+00 1.000000000000000000e+00 0.000000000000000000e+00
5.404302032157658475e-01 8.413888491370479228e-01 0.000000000000000000e+00 7.054490000000000371e+00 -8.413888491370479228e-01 5.404302032157658475e-01 0.000000000000000000e+00 -4.315409999999999968e+00 0.000000000000000000e+00 0.000000000000000000e+00 1.000000000000000000e+00 0.000000000000000000e+00
7.173221791012378556e-01 6.967416245420188226e-01 0.000000000000000000e+00 6.569829999999999615e+00 -6.967416245420188226e-01 7.173221791012378556e-01 0.000000000000000000e+00 -3.991560000000000219e+00 0.000000000000000000e+00 0.000000000000000000e+00 1.000000000000000000e+00 0.000000000000000000e+00
7.796973504321196291e-01 6.261565632724235275e-01 0.000000000000000000e+00 6.145509999999999806e+00 -6.261565632724235275e-01 7.796973504321196291e-01 0.000000000000000000e+00 -3.584620000000000140e+00 0.000000000000000000e+00 0.000000000000000000e+00 1.000000000000000000e+00 0.000000000000000000e+00
8.513090697991324562e-01 5.246645287016606929e-01 0.000000000000000000e+00 5.989770000000000039e+00 -5.246645287016606929e-01 8.513090697991324562e-01 0.000000000000000000e+00 -3.388580000000000148e+00 0.000000000000000000e+00 0.000000000000000000e+00 1.000000000000000000e+00 0.000000000000000000e+00
-9.085222472867229282e-01 -4.178364825922726844e-01 0.000000000000000000e+00 5.454559999999999853e+00 4.178364825922726844e-01 -9.085222472867229282e-01 0.000000000000000000e+00 -3.287560000000000038e+00 0.000000000000000000e+00 0.000000000000000000e+00 1.000000000000000000e+00 0.000000000000000000e+00
