9.999999999936929340e-01 3.551652298476064903e-06 0.000000000000000000e+00 -5.000000000000000000e+00 -3.551652298476064903e-06 9.999999999936929340e-01 0.000000000000000000e+00 -8.000000000000000000e+00 0.000000000000000000e+00 0.000000000000000000e+00 1.000000000000000000e+00 0.000000000000000000e+00
9.972850595962107212e-01 -7.363769351481876113e-02 0.000000000000000000e+00 -4.603863239288330078e+00 7.363769351481876113e-02 9.972850595962107212e-01 0.000000000000000000e+00 -8.012705802917480469e+00 0.000000000000000000e+00 0.000000000000000000e+00 1.000000000000000000e+00 0.000000000000000000e+00
9.885716201131704572e-01 -1.507519549021553718e-01 0.000000000000000000e+00 -4.208948612213134766e+00 1.507519549021553718e-01 9.885716201131704572e-01 0.000000000000000000e+00 -7.992272853851318359e+00 0.000000000000000000e+00 0.000000000000000000e+00 1.000000000000000000e+00 0.000000000000000000e+00
9.643277261408234047e-01 -2.647112324705339081e-01 0.000000000000000000e+00 -3.871180057525634766e+00 2.647112324705339081e-01 9.643277261408234047e-01 0.000000000000000000e+00 -7.913341045379638672e+00 0.000000000000000000e+00 0.000000000000000000e+00 1.000000000000000000e+00 0.000000000000000000e+00
9.334402914358466141e-01 -3.587328007363722038e-01 0.000000000000000000e+00 -3.544321060180664062e+00 3.587328007363722038e-01 9.334402914358466141e-01 0.000000000000000000e+00 -7.783127307891845703e+00 0.000000000000000000e+00 0.000000000000000000e+00 1.000000000000000000e+00 0.000000000000000000e+00
8.593874551682690877e-01 -5.113249474643363213e-01 0.000000000000000000e+00 -3.076847314834594727e+00 5.113249474643363213e-01 8.593874551682690877e-01 0.000000000000000000e+00 -7.597428321838378906e+00 0.000000000000000000e+00 0.000000000000000000e+00 1.000000000000000000e+00 0.000000000000000000e+00
8.795343703191318419e-01 -4.758353616823032262e-01 0.000000000000000000e+00 -2.695919513702392578e+00 4.758353616823032262e-01 8.795343703191318419e-01 0.000000000000000000e+00 -7.168619155883789062e+00 0.000000000000000000e+00 0.000000000000000000e+00 1.000000000000000000e+00 0.000000000000000000e+00
8.698867741549851651e-01 -4.932514573219564658e-01 0.000000000000000000e+00 -2.287352561950683594e+00 4.932514573219564658e-01 8.698867741549851651e-01 0.000000000000000000e+00 -6.927982330322265625e+00 0.000000000000000000e+00 0.000000000000000000e+00 1.000000000000000000e+00 0.000000000000000000e+00
7.814075111849049238e-01 -6.240210745349973331e-01 0.000000000000000000e+00 -1.945280194282531738e+00 6.240210745349973331e-01 7.814075111849049238e-01 0.000000000000000000e+00 -6.678622245788574219e+00 0.000000000000000000e+00 0.000000000000000000e+00 1.000000000000000000e+00 0.000000000000000000e+00
7.104463430295828719e-01 -7.037513720596871858e-01 0.000000000000000000e+00 -1.550962209701538086e+00 7.037513720596871858e-01 7.104463430295828719e-01 0.000000000000000000e+00 -6.388668537139892578e+00 0.000000000000000000e+00 0.000000000000000000e+00 1.000000000000000000e+00 0.000000000000000000e+00
6.749879681173455159e-01 -7.378287354778325646e-01 0.000000000000000000e+00 -1.321892499923706055e+00 7.378287354778325646e-01 6.749879681173455159e-01 0.000000000000000000e+00 -5.990206241607666016e+00 0.000000000000000000e+00 0.000000000000000000e+00 1.000000000000000000e+00 0.000000000000000000e+00
7.747196596375528488e-01 -6.323048702730940107e-01 0.000000000000000000e+00 -9.970995187759399414e-01 6.323048702730940107e-01 7.747196596375528488e-01 0.000000000000000000e+00 -5.747266292572021484e+00 0.000000000000000000e+00 0.000000000000000000e+00 1.000000000000000000e+00 0.000000000000000000e+00
7.555597737151937832e-01 -6.550797114423900780e-01 0.000000000000000000e+00 -7.155983448028564453e-01 6.550797114423900780e-01 7.555597737151937832e-01 0.000000000000000000e+00 -5.408962726593017578e+00 0.000000000000000000e+00 0.000000000000000000e+00 1.000000000000000000e+00 0.000000000000000000e+00
7.078916517216408133e-01 -7.063210384965233901e-01 0.000000000000000000e+00 -1.724660545587539673e-01 7.063210384965233901e-01 7.078916517216408133e-01 0.000000000000000000e+00 -5.146709442138671875e+00 0.000000000000000000e+00 0.000000000000000000e+00 1.000000000000000000e+00 0.000000000000000000e+00
5.533516799343566328e-01 -8.329477284402817538e-01 0.000000000000000000e+00 -3.906467556953430176e-02 8.329477284402817538e-01 5.533516799343566328e-01 0.000000000000000000e+00 -4.804915428161621094e+00 0.000000000000000000e+00 0.000000000000000000e+00 1.000000000000000000e+00 0.000000000000000000e+00
5.528597251754967523e-01 -8.332743391458026228e-01 0.000000000000000000e+00 2.414107173681259155e-01 8.332743391458026228e-01 5.528597251754967523e-01 0.000000000000000000e+00 -4.400871753692626953e+00 0.000000000000000000e+00 0.000000000000000000e+00 1.000000000000000000e+00 0.000000000000000000e+00
4.525654798450108318e-01 -8.917311738706094060e-01 0.000000000000000000e+00 4.640701711177825928e-01 8.917311738706094060e-01 4.525654798450108318e-01 0.000000000000000000e+00 -4.214802742004394531e+00 0.000000000000000000e+00 0.000000000000000000e+00 1.000000000000000000e+00 0.000000000000000000e+00
4.236938184990615142e-01 -9.058054692734441860e-01 0.000000000000000000e+00 6.429240703582763672e-01 9.058054692734441860e-01 4.236938184990615142e-01 0.000000000000000000e+00 -3.631939649581909180e+00 0.000000000000000000e+00 0.000000000000000000e+00 1.000000000000000000e+00 0.000000000000000000e+00
4.833277251819283471e-01 -8.754394953795849865e-01 0.000000000000000000e+00 9.424970746040344238e-01 8.754394953795849865e-01 4.833277251819283471e-01 0.000000000000000000e+00 -3.278676748275756836e+00 0.000000000000000000e+00 0.000000000000000000e+00 1.000000000000000000e+00 0.000000000000000000e+00
4.694578178340640395e-01 -8.829549010422212962e-01 0.000000000000000000e+00 9.307289719581604004e-01 8.829549010422212962e-01 4.694578178340640395e-01 0.000000000000000000e+00 -2.918865680694580078e+00 0.000000000000000000e+00 0.000000000000000000e+00 1.000000000000000000e+00 0.000000000000000000e+00
3.414054213646668945e-01 -9.399161336325779770e-01 0.000000000000000000e+00 1.044760942459106445e+00 9.399161336325779770e-01 3.414054213646668945e-01 0.000000000000000000e+00 -2.995408535003662109e+00 0.000000000000000000e+00 0.000000000000000000e+00 1.000000000000000000e+00 0.000000000000000000e+00
2.342934796543253706e-01 -9.721659145390092460e-01 0.000000000000000000e+00 1.038893103599548340e+00 9.721659145390092460e-01 2.342934796543253706e-01 0.000000000000000000e+00 -2.708391427993774414e+00 0.000000000000000000e+00 0.000000000000000000e+00 1.000000000000000000e+00 0.000000000000000000e+00
1.090373307078241621e-01 -9.940376554799684738e-01 0.000000000000000000e+00 1.047767281532287598e+00 9.940376554799684738e-01 1.090373307078241621e-01 0.000000000000000000e+00 -2.223324537277221680e+00 0.000000000000000000e+00 0.000000000000000000e+00 1.000000000000000000e+00 0.000000000000000000e+00
-1.099603554577802539e-01 -9.939359739075744882e-01 0.000000000000000000e+00 9.504161477088928223e-01 9.939359739075744882e-01 -1.099603554577802539e-01 0.000000000000000000e+00 -1.806256055831909180e+00 0.000000000000000000e+00 0.000000000000000000e+00 1.000000000000000000e+00 0.000000000000000000e+00
-2.698593199422684719e-01 -9.628997598090345278e-01 0.000000000000000000e+00 8.664880394935607910e-01 9.628997598090345278e-01 -2.698593199422684719e-01 0.000000000000000000e+00 -1.368942499160766602e+00 0.000000000000000000e+00 0.000000000000000000e+00 1.000000000000000000e+00 0.000000000000000000e+00
-4.031350622987431298e-01 -9.151404927908001197e-01 0.000000000000000000e+00 6.780970096588134766e-01 9.151404927908001197e-01 -4.031350622987431298e-01 0.000000000000000000e+00 -1.055835008621215820e+00 0.000000000000000000e+00 0.000000000000000000e+00 1.000000000000000000e+00 0.000000000000000000e+00
-5.521423022027976968e-01 -8.337498894261962112e-01 0.000000000000000000e+00 4.392599761486053467e-01 8.337498894261962112e-01 -5.521423022027976968e-01 0.000000000000000000e+00 -8.813193440437316895e-01 0.000000000000000000e+00 0.000000000000000000e+00 1.000000000000000000e+00 0.000000000000000000e+00
-6.347921829609175504e-01 -7.726829132650164800e-01 0.000000000000000000e+00 2.225510030984878540e-01 7.726829132650164800e-01 -6.347921829609175504e-01 0.000000000000000000e+00 -7.205429077148437500e-01 0.000000000000000000e+00 0.000000000000000000e+00 1.000000000000000000e+00 0.000000000000000000e+00
-7.862641003087137426e-01 -6.178905765309331555e-01 0.000000000000000000e+00 -1.347274184226989746e-01 6.178905765309331555e-01 -7.862641003087137426e-01 0.000000000000000000e+00 -4.710521697998046875e-01 0.000000000000000000e+00 0.000000000000000000e+00 1.000000000000000000e+00 0.000000000000000000e+00
-8.898263753759559913e-01 -4.562992676799824121e-01 0.000000000000000000e+00 -5.346788167953491211e-01 4.562992676799824121e-01 -8.898263753759559913e-01 0.000000000000000000e+00 -1.392014026641845703e-01 0.000000000000000000e+00 0.000000000000000000e+00 1.000000000000000000e+00 0.000000000000000000e+00
9.234455285962454019e-01 3.837295345886226894e-01 0.000000000000000000e+00 -8.518670797348022461e-01 -3.837295345886226894e-01 9.234455285962454019e-01 0.000000000000000000e+00 -1.453513395972549915e-03 0.000000000000000000e+00 0.000000000000000000e+00 1.000000000000000000e+00 0.000000000000000000e+00
9.554219018117541262e-01 2.952439491986430520e-01 0.000000000000000000e+00 -1.360386371612548828e+00 -2.952439491986430520e-01 9.554219018117541262e-01 0.000000000000000000e+00 1.148722618818283081e-01 0.000000000000000000e+00 0.000000000000000000e+00 1.000000000000000000e+00 0.000000000000000000e+00
9.697027110684697249e-01 2.442880515834942312e-01 0.000000000000000000e+00 -1.749485135078430176e+00 -2.442880515834942312e-01 9.697027110684697249e-01 0.000000000000000000e+00 1.937401443719863892e-01 0.000000000000000000e+00 0.000000000000000000e+00 1.000000000000000000e+00 0.000000000000000000e+00
9.999670762352295128e-01 8.114582279252083655e-03 0.000000000000000000e+00 -1.987048625946044922e+00 -8.114582279252083655e-03 9.999670762352295128e-01 0.000000000000000000e+00 3.324498236179351807e-01 0.000000000000000000e+00 0.000000000000000000e+00 1.000000000000000000e+00 0.000000000000000000e+00
9.794851168159768307e-01 -2.015165152933929005e-01 0.000000000000000000e+00 -2.430379152297973633e+00 2.015165152933929005e-01 9.794851168159768307e-01 0.000000000000000000e+00 1.185030788183212280e-01 0.000000000000000000e+00 0.000000000000000000e+00 1.000000000000000000e+00 0.000000000000000000e+00
9.378411669665093209e-01 -3.470647569876491589e-01 0.000000000000000000e+00 -2.895690679550170898e+00 3.470647569876491589e-01 9.378411669665093209e-01 0.000000000000000000e+00 -2.935692854225635529e-02 0.000000000000000000e+00 0.000000000000000000e+00 1.000000000000000000e+00 0.000000000000000000e+00
8.642873429095137006e-01 -5.029983984928905194e-01 0.000000000000000000e+00 -3.190800189971923828e+00 5.029983984928905194e-01 8.642873429095137006e-01 0.000000000000000000e+00 -2.779584228992462158e-01 0.000000000000000000e+00 0.000000000000000000e+00 1.000000000000000000e+00 0.000000000000000000e+00
7.717359041624359817e-01 -6.359431532979874513e-01 0.000000000000000000e+00 -3.634853363037109375e+00 6.359431532979874513e-01 7.717359041624359817e-01 0.000000000000000000e+00 -4.250729680061340332e-01 0.000000000000000000e+00 0.000000000000000000e+00 1.000000000000000000e+00 0.000000000000000000e+00
7.678257449853199690e-01 -6.406587432773694912e-01 0.000000000000000000e+00 -4.031991481781005859e+00 6.406587432773694912e-01 7.678257449853199690e-01 0.000000000000000000e+00 -6.040263772010803223e-01 0.000000000000000000e+00 0.000000000000000000e+00 1.000000000000000000e+00 0.000000000000000000e+00
7.518644643645353565e-01 -6.593176982501154360e-01 0.000000000000000000e+00 -4.492196083068847656e+00 6.593176982501154360e-01 7.518644643645353565e-01 0.000000000000000000e+00 -9.335609674453735352e-01 0.000000000000000000e+00 0.000000000000000000e+00 1.000000000000000000e+00 0.000000000000000000e+00
-7.629340060603583273e-01 6.464763741983872158e-01 0.000000000000000000e+00 -4.350169658660888672e+00 -6.464763741983872158e-01 -7.629340060603583273e-01 0.000000000000000000e+00 -8.459858894348144531e-01 0.000000000000000000e+00 0.000000000000000000e+00 1.000000000000000000e+00 0.000000000000000000e+00
6.384439521929151651e-01 -7.696683181139072349e-01 0.000000000000000000e+00 -4.814011096954345703e+00 7.696683181139072349e-01 6.384439521929151651e-01 0.000000000000000000e+00 -1.415964126586914062e+00 0.000000000000000000e+00 0.000000000000000000e+00 1.000000000000000000e+00 0.000000000000000000e+00
4.821390801858870256e-01 -8.760946908625270035e-01 0.000000000000000000e+00 -5.040480136871337891e+00 8.760946908625270035e-01 4.821390801858870256e-01 0.000000000000000000e+00 -1.795520067214965820e+00 0.000000000000000000e+00 0.000000000000000000e+00 1.000000000000000000e+00 0.000000000000000000e+00
3.892339709665726954e-01 -9.211389232062627830e-01 0.000000000000000000e+00 -5.396152973175048828e+00 9.211389232062627830e-01 3.892339709665726954e-01 0.000000000000000000e+00 -2.227830171585083008e+00 0.000000000000000000e+00 0.000000000000000000e+00 1.000000000000000000e+00 0.000000000000000000e+00
2.833603859414919879e-01 -9.590134992162981931e-01 0.000000000000000000e+00 -5.684747695922851562e+00 9.590134992162981931e-01 2.833603859414919879e-01 0.000000000000000000e+00 -2.688248872756958008e+00 0.000000000000000000e+00 0.000000000000000000e+00 1.000000000000000000e+00 0.000000000000000000e+00
2.207085419161705642e-01 -9.753398072083585557e-01 0.000000000000000000e+00 -5.741706848144531250e+00 9.753398072083585557e-01 2.207085419161705642e-01 0.000000000000000000e+00 -3.172281503677368164e+00 0.000000000000000000e+00 0.000000000000000000e+00 1.000000000000000000e+00 0.000000000000000000e+00
1.898164566642299711e-01 -9.818195927864937778e-01 0.000000000000000000e+00 -5.786421298980712891e+00 9.818195927864937778e-01 1.898164566642299711e-01 0.000000000000000000e+00 -3.555386066436767578e+00 0.000000000000000000e+00 0.000000000000000000e+00 1.000000000000000000e+00 0.000000000000000000e+00
6.422674627105545708e-02 -9.979353311028893447e-01 0.000000000000000000e+00 -6.102532863616943359e+00 9.979353311028893447e-01 6.422674627105545708e-02 0.000000000000000000e+00 -4.063390731811523438e+00 0.000000000000000000e+00 0.000000000000000000e+00 1.000000000000000000e+00 0.000000000000000000e+00
-6.407016615961204364e-02 -9.979453962057641681e-01 0.000000000000000000e+00 -6.086575031280517578e+00 9.979453962057641681e-01 -6.407016615961204364e-02 0.000000000000000000e+00 -4.536114215850830078e+00 0.000000000000000000e+00 0.000000000000000000e+00 1.000000000000000000e+00 0.000000000000000000e+00
-9.294425986486656854e-02 -9.956713135157465588e-01 0.000000000000000000e+00 -6.084775447845458984e+00 9.956713135157465588e-01 -9.294425986486656854e-02 0.000000000000000000e+00 -5.112058639526367188e+00 0.000000000000000000e+00 0.000000000000000000e+00 1.000000000000000000e+00 0.000000000000000000e+00
-1.773679375666856461e-01 -9.841446106763681589e-01 0.000000000000000000e+00 -6.133378982543945312e+00 9.841446106763681589e-01 -1.773679375666856461e-01 0.000000000000000000e+00 -5.557375907897949219e+00 0.000000000000000000e+00 0.000000000000000000e+00 1.000000000000000000e+00 0.000000000000000000e+00
-1.500808144079226469e-01 -9.886737324045049569e-01 0.000000000000000000e+00 -5.975524425506591797e+00 9.886737324045049569e-01 -1.500808144079226469e-01 0.000000000000000000e+00 -6.000560760498046875e+00 0.000000000000000000e+00 0.000000000000000000e+00 1.000000000000000000e+00 0.000000000000000000e+00
-3.432139242811934610e-01 -9.392572609139112627e-01 0.000000000000000000e+00 -5.954936504364013672e+00 9.392572609139112627e-01 -3.432139242811934610e-01 0.000000000000000000e+00 -6.463430404663085938e+00 0.000000000000000000e+00 0.000000000000000000e+00 1.000000000000000000e+00 0.000000000000000000e+00
-3.930795409300295029e-01 -9.195044722578772367e-01 0.000000000000000000e+00 -5.985211849212646484e+00 9.195044722578772367e-01 -3.930795409300295029e-01 0.000000000000000000e+00 -6.751109123229980469e+00 0.000000000000000000e+00 0.000000000000000000e+00 1.000000000000000000e+00 0.000000000000000000e+00
-4.924620978566324747e-01 -8.703338912019021878e-01 0.000000000000000000e+00 -5.742960453033447266e+00 8.703338912019021878e-01 -4.924620978566324747e-01 0.000000000000000000e+00 -7.065898418426513672e+00 0.000000000000000000e+00 0.000000000000000000e+00 1.000000000000000000e+00 0.000000000000000000e+00
-5.769407994082241808e-01 -8.167859658308284088e-01 0.000000000000000000e+00 -5.673865795135498047e+00 8.167859658308284088e-01 -5.769407994082241808e-01 0.000000000000000000e+00 -7.600852966308593750e+00 0.000000000000000000e+00 0.000000000000000000e+00 1.000000000000000000e+00 0.000000000000000000e+00
-6.751610704738714164e-01 -7.376703389160879087e-01 0.000000000000000000e+00 -5.361052036285400391e+00 7.376703389160879087e-01 -6.751610704738714164e-01 0.000000000000000000e+00 -8.080540657043457031e+00 0.000000000000000000e+00 0.000000000000000000e+00 1.000000000000000000e+00 0.000000000000000000e+00
-7.371878146937873577e-01 -6.756878908690003849e-01 0.000000000000000000e+00 -5.051252841949462891e+00 6.756878908690003849e-01 -7.371878146937873577e-01 0.000000000000000000e+00 -8.302827835083007812e+00 0.000000000000000000e+00 0.000000000000000000e+00 1.000000000000000000e+00 0.000000000000000000e+00
-9.453962948121923393e-01 -3.259230672342453561e-01 0.000000000000000000e+00 -4.648110866546630859e+00 3.259230672342453561e-01 -9.453962948121923393e-01 0.000000000000000000e+00 -8.643012046813964844e+00 0.000000000000000000e+00 0.000000000000000000e+00 1.000000000000000000e+00 0.000000000000000000e+00
-9.737639014274165339e-01 -2.275606826252211667e-01 0.000000000000000000e+00 -4.299402713775634766e+00 2.275606826252211667e-01 -9.737639014274165339e-01 0.000000000000000000e+00 -8.792779922485351562e+00 0.000000000000000000e+00 0.000000000000000000e+00 1.000000000000000000e+00 0.000000000000000000e+00
1.625869942256204792e-01 -9.866942126660508405e-01 0.000000000000000000e+00 -4.390242099761962891e+00 9.866942126660508405e-01 1.625869942256204792e-01 0.000000000000000000e+00 -8.685641288757324219e+00 0.000000000000000000e+00 0.000000000000000000e+00 1.000000000000000000e+00 0.000000000000000000e+00
-9.728921472302876072e-01 2.312593130181798129e-01 0.000000000000000000e+00 -4.005560398101806641e+00 -2.312593130181798129e-01 -9.728921472302876072e-01 0.000000000000000000e+00 -8.607328414916992188e+00 0.000000000000000000e+00 0.000000000000000000e+00 1.000000000000000000e+00 0.000000000000000000e+00
-8.489509230649294746e-01 5.284716929289630105e-01 0.000000000000000000e+00 -3.652404069900512695e+00 -5.284716929289630105e-01 -8.489509230649294746e-01 0.000000000000000000e+00 -8.540818214416503906e+00 0.000000000000000000e+00 0.000000000000000000e+00 1.000000000000000000e+00 0.000000000000000000e+00
-6.521280483056305366e-01 7.581088369179516118e-01 0.000000000000000000e+00 -3.237733840942382812e+00 -7.581088369179516118e-01 -6.521280483056305366e-01 0.000000000000000000e+00 -8.269658088684082031e+00 0.000000000000000000e+00 0.000000000000000000e+00 1.000000000000000000e+00 0.000000000000000000e+00
-3.302579663130374432e-01 9.438907117282046011e-01 0.000000000000000000e+00 -3.036049365997314453e+00 -9.438907117282046011e-01 -3.302579663130374432e-01 0.000000000000000000e+00 -7.829955577850341797e+00 0.000000000000000000e+00 0.000000000000000000e+00 1.000000000000000000e+00 0.000000000000000000e+00
-4.503626105296482801e-02 9.989853528407557359e-01 0.000000000000000000e+00 -3.112348079681396484e+00 -9.989853528407557359e-01 -4.503626105296482801e-02 0.000000000000000000e+00 -7.337473869323730469e+00 0.000000000000000000e+00 0.000000000000000000e+00 1.000000000000000000e+00 0.000000000000000000e+00
1.301993220642714277e-01 9.914878398316361308e-01 0.000000000000000000e+00 -3.122785568237304688e+00 -9.914878398316361308e-01 1.301993220642714277e-01 0.000000000000000000e+00 -6.701338291168212891e+00 0.000000000000000000e+00 0.000000000000000000e+00 1.000000000000000000e+00 0.000000000000000000e+00
3.661063166917291611e-01 9.305730303841903694e-01 0.000000000000000000e+00 -3.288595438003540039e+00 -9.305730303841903694e-01 3.661063166917291611e-01 0.000000000000000000e+00 -6.189884662628173828e+00 0.000000000000000000e+00 0.000000000000000000e+00 1.000000000000000000e+00 0.000000000000000000e+00
6.529496821096966164e-01 7.574012890356379701e-01 0.000000000000000000e+00 -3.604631900787353516e+00 -7.574012890356379701e-01 6.529496821096966164e-01 0.000000000000000000e+00 -6.022005081176757812e+00 0.000000000000000000e+00 0.000000000000000000e+00 1.000000000000000000e+00 0.000000000000000000e+00
8.740311594775102000e-01 4.858698717376898624e-01 0.000000000000000000e+00 -4.057140350341796875e+00 -4.858698717376898624e-01 8.740311594775102000e-01 0.000000000000000000e+00 -5.830121040344238281e+00 0.000000000000000000e+00 0.000000000000000000e+00 1.000000000000000000e+00 0.000000000000000000e+00
-9.907816896794749972e-01 -1.354682375905307268e-01 0.000000000000000000e+00 -4.470555782318115234e+00 1.354682375905307268e-01 -9.907816896794749972e-01 0.000000000000000000e+00 -5.619784832000732422e+00 0.000000000000000000e+00 0.000000000000000000e+00 1.000000000000000000e+00 0.000000000000000000e+00
-9.935451639097107046e-01 1.134372393512203397e-01 0.000000000000000000e+00 -5.163596630096435547e+00 -1.134372393512203397e-01 -9.935451639097107046e-01 0.000000000000000000e+00 -5.745022296905517578e+00 0.000000000000000000e+00 0.000000000000000000e+00 1.000000000000000000e+00 0.000000000000000000e+00
-8.919386994438540661e-01 4.521563406991062073e-01 0.000000000000000000e+00 -5.571522712707519531e+00 -4.521563406991062073e-01 -8.919386994438540661e-01 0.000000000000000000e+00 -5.979305267333984375e+00 0.000000000000000000e+00 0.000000000000000000e+00 1.000000000000000000e+00 0.000000000000000000e+00
-7.271858960951554929e-01 6.864405819299189693e-01 0.000000000000000000e+00 -6.078936576843261719e+00 -6.864405819299189693e-01 -7.271858960951554929e-01 0.000000000000000000e+00 -6.128054618835449219e+00 0.000000000000000000e+00 0.000000000000000000e+00 1.000000000000000000e+00 0.000000000000000000e+00
-5.022312234421746346e-01 8.647333682701139335e-01 0.000000000000000000e+00 -6.296918869018554688e+00 -8.647333682701139335e-01 -5.022312234421746346e-01 0.000000000000000000e+00 -6.449364185333251953e+00 0.000000000000000000e+00 0.000000000000000000e+00 1.000000000000000000e+00 0.000000000000000000e+00
-1.353095703035744057e-01 9.908033711005741484e-01 0.000000000000000000e+00 -6.498183727264404297e+00 -9.908033711005741484e-01 -1.353095703035744057e-01 0.000000000000000000e+00 -6.955235481262207031e+00 0.000000000000000000e+00 0.000000000000000000e+00 1.000000000000000000e+00 0.000000000000000000e+00
1.454805499699835247e-01 9.893611118193554876e-01 0.000000000000000000e+00 -6.604109764099121094e+00 -9.893611118193554876e-01 1.454805499699835247e-01 0.000000000000000000e+00 -7.334940433502197266e+00 0.000000000000000000e+00 0.000000000000000000e+00 1.000000000000000000e+00 0.000000000000000000e+00
6.509681333793617686e-01 7.591050581603243641e-01 0.000000000000000000e+00 -6.466678142547607422e+00 -7.591050581603243641e-01 6.509681333793617686e-01 0.000000000000000000e+00 -7.745980739593505859e+00 0.000000000000000000e+00 0.000000000000000000e+00 1.000000000000000000e+00 0.000000000000000000e+00
8.542438147926458836e-01 5.198725852442189765e-01 0.000000000000000000e+00 -6.243999481201171875e+00 -5.198725852442189765e-01 8.542438147926458836e-01 0.000000000000000000e+00 -8.089987754821777344e+00 0.000000000000000000e+00 0.000000000000000000e+00 1.000000000000000000e+00 0.000000000000000000e+00
9.412976336202534267e-01 3.375777909473773319e-01 0.000000000000000000e+00 -5.891385555267333984e+00 -3.375777909473773319e-01 9.412976336202534267e-01 0.000000000000000000e+00 -8.194046974182128906e+00 0.000000000000000000e+00 0.000000000000000000e+00 1.000000000000000000e+00 0.000000000000000000e+00
9.988650684243113309e-01 4.762956100675053844e-02 0.000000000000000000e+00 -5.911526679992675781e+00 -4.762956100675053844e-02 9.988650684243113309e-01 0.000000000000000000e+00 -8.190922737121582031e+00 0.000000000000000000e+00 0.000000000000000000e+00 1.000000000000000000e+00 0.000000000000000000e+00
9.976486126822460276e-01 6.853645462956071965e-02 0.000000000000000000e+00 -5.400463581085205078e+00 -6.853645462956071965e-02 9.976486126822460276e-01 0.000000000000000000e+00 -8.234807968139648438e+00 0.000000000000000000e+00 0.000000000000000000e+00 1.000000000000000000e+00 0.000000000000000000e+00
9.958726207454142720e-01 -9.076190417603748062e-02 0.000000000000000000e+00 -4.882208824157714844e+00 9.076190417603748062e-02 9.958726207454142720e-01 0.000000000000000000e+00 -8.320049285888671875e+00 0.000000000000000000e+00 0.000000000000000000e+00 1.000000000000000000e+00 0.000000000000000000e+00
9.578958211919090804e-01 -2.871159970170211739e-01 0.000000000000000000e+00 -4.381000995635986328e+00 2.871159970170211739e-01 9.578958211919090804e-01 0.000000000000000000e+00 -8.223393440246582031e+00 0.000000000000000000e+00 0.000000000000000000e+00 1.000000000000000000e+00 0.000000000000000000e+00
9.102795172932203194e-01 -4.139942033367398078e-01 0.000000000000000000e+00 -3.988970279693603516e+00 4.139942033367398078e-01 9.102795172932203194e-01 0.000000000000000000e+00 -8.104647636413574219e+00 0.000000000000000000e+00 0.000000000000000000e+00 1.000000000000000000e+00 0.000000000000000000e+00
8.543593125701506308e-01 -5.196827542113164888e-01 0.000000000000000000e+00 -3.458389997482299805e+00 5.196827542113164888e-01 8.543593125701506308e-01 0.000000000000000000e+00 -7.872610092163085938e+00 0.000000000000000000e+00 0.000000000000000000e+00 1.000000000000000000e+00 0.000000000000000000e+00
8.783260222085897961e-01 -4.780621285055278724e-01 0.000000000000000000e+00 -2.926371097564697266e+00 4.780621285055278724e-01 8.783260222085897961e-01 0.000000000000000000e+00 -7.561768531799316406e+00 0.000000000000000000e+00 0.000000000000000000e+00 1.000000000000000000e+00 0.000000000000000000e+00
8.463800520360006407e-01 -5.325793908099870633e-01 0.000000000000000000e+00 -2.347081661224365234e+00 5.325793908099870633e-01 8.463800520360006407e-01 0.000000000000000000e+00 -7.153007030487060547e+00 0.000000000000000000e+00 0.000000000000000000e+00 1.000000000000000000e+00 0.000000000000000000e+00
7.887945344095864675e-01 -6.146569632612679523e-01 0.000000000000000000e+00 -1.986828565597534180e+00 6.146569632612679523e-01 7.887945344095864675e-01 0.000000000000000000e+00 -6.898172378540039062e+00 0.000000000000000000e+00 0.000000000000000000e+00 1.000000000000000000e+00 0.000000000000000000e+00
6.619931175094382336e-01 -7.495099147910820880e-01 0.000000000000000000e+00 -1.544354557991027832e+00 7.495099147910820880e-01 6.619931175094382336e-01 0.000000000000000000e+00 -6.538193225860595703e+00 0.000000000000000000e+00 0.000000000000000000e+00 1.000000000000000000e+00 0.000000000000000000e+00
6.980410310830659215e-01 -7.160577622821292509e-01 0.000000000000000000e+00 -1.102070093154907227e+00 7.160577622821292509e-01 6.980410310830659215e-01 0.000000000000000000e+00 -6.083543300628662109e+00 0.000000000000000000e+00 0.000000000000000000e+00 1.000000000000000000e+00 0.000000000000000000e+00
7.492217724874558060e-01 -6.623192097703002323e-01 0.000000000000000000e+00 -8.406277894973754883e-01 6.623192097703002323e-01 7.492217724874558060e-01 0.000000000000000000e+00 -5.715393066406250000e+00 0.000000000000000000e+00 0.000000000000000000e+00 1.000000000000000000e+00 0.000000000000000000e+00
7.291289538146242810e-01 -6.843763355853206276e-01 0.000000000000000000e+00 -3.953104913234710693e-01 6.843763355853206276e-01 7.291289538146242810e-01 0.000000000000000000e+00 -5.384303092956542969e+00 0.000000000000000000e+00 0.000000000000000000e+00 1.000000000000000000e+00 0.000000000000000000e+00
6.297913922027854605e-01 -7.767643158045284268e-01 0.000000000000000000e+00 -1.161319464445114136e-01 7.767643158045284268e-01 6.297913922027854605e-01 0.000000000000000000e+00 -5.064785003662109375e+00 0.000000000000000000e+00 0.000000000000000000e+00 1.000000000000000000e+00 0.000000000000000000e+00
5.630450618186368938e-01 -8.264261965606168880e-01 0.000000000000000000e+00 2.922274768352508545e-01 8.264261965606168880e-01 5.630450618186368938e-01 0.000000000000000000e+00 -4.588415622711181641e+00 0.000000000000000000e+00 0.000000000000000000e+00 1.000000000000000000e+00 0.000000000000000000e+00
3.625935801146751847e-01 -9.319473674299545429e-01 0.000000000000000000e+00 7.677338123321533203e-01 9.319473674299545429e-01 3.625935801146751847e-01 0.000000000000000000e+00 -4.261870384216308594e+00 0.000000000000000000e+00 0.000000000000000000e+00 1.000000000000000000e+00 0.000000000000000000e+00
4.099860943342645836e-01 -9.120917730428970138e-01 0.000000000000000000e+00 9.563348293304443359e-01 9.120917730428970138e-01 4.099860943342645836e-01 0.000000000000000000e+00 -3.741458654403686523e+00 0.000000000000000000e+00 0.000000000000000000e+00 1.000000000000000000e+00 0.000000000000000000e+00
5.615946565863529916e-01 -8.274124979075770936e-01 0.000000000000000000e+00 1.154540181159973145e+00 8.274124979075770936e-01 5.615946565863529916e-01 0.000000000000000000e+00 -3.226466894149780273e+00 0.000000000000000000e+00 0.000000000000000000e+00 1.000000000000000000e+00 0.000000000000000000e+00
4.701197487205493464e-01 -8.826026409788991778e-01 0.000000000000000000e+00 1.530384540557861328e+00 8.826026409788991778e-01 4.701197487205493464e-01 0.000000000000000000e+00 -2.633711814880371094e+00 0.000000000000000000e+00 0.000000000000000000e+00 1.000000000000000000e+00 0.000000000000000000e+00
4.436141587761354699e-01 -8.962178742545484633e-01 0.000000000000000000e+00 1.565454363822937012e+00 8.962178742545484633e-01 4.436141587761354699e-01 0.000000000000000000e+00 -2.167556047439575195e+00 0.000000000000000000e+00 0.000000000000000000e+00 1.000000000000000000e+00 0.000000000000000000e+00
3.279476385802359562e-01 -9.446959015205088628e-01 0.000000000000000000e+00 1.630780577659606934e+00 9.446959015205088628e-01 3.279476385802359562e-01 0.000000000000000000e+00 -2.189782857894897461e+00 0.000000000000000000e+00 0.000000000000000000e+00 1.000000000000000000e+00 0.000000000000000000e+00
2.604341066992533205e-01 -9.654916240277602313e-01 0.000000000000000000e+00 1.689192771911621094e+00 9.654916240277602313e-01 2.604341066992533205e-01 0.000000000000000000e+00 -1.707059979438781738e+00 0.000000000000000000e+00 0.000000000000000000e+00 1.000000000000000000e+00 0.000000000000000000e+00
1.418919529823630121e-01 -9.898821514093740781e-01 0.000000000000000000e+00 1.545731782913208008e+00 9.898821514093740781e-01 1.418919529823630121e-01 0.000000000000000000e+00 -1.306759834289550781e+00 0.000000000000000000e+00 0.000000000000000000e+00 1.000000000000000000e+00 0.000000000000000000e+00
-4.654243854172625955e-02 -9.989163135191003740e-01 0.000000000000000000e+00 1.420958995819091797e+00 9.989163135191003740e-01 -4.654243854172625955e-02 0.000000000000000000e+00 -8.706994056701660156e-01 0.000000000000000000e+00 0.000000000000000000e+00 1.000000000000000000e+00 0.000000000000000000e+00
-2.590037283753928721e-01 -9.658763216311111455e-01 0.000000000000000000e+00 1.364296913146972656e+00 9.658763216311111455e-01 -2.590037283753928721e-01 0.000000000000000000e+00 -3.870790600776672363e-01 0.000000000000000000e+00 0.000000000000000000e+00 1.000000000000000000e+00 0.000000000000000000e+00
-4.075831315931552346e-01 -9.131681065612818893e-01 0.000000000000000000e+00 1.087604165077209473e+00 9.131681065612818893e-01 -4.075831315931552346e-01 0.000000000000000000e+00 -1.542050391435623169e-01 0.000000000000000000e+00 0.000000000000000000e+00 1.000000000000000000e+00 0.000000000000000000e+00
-5.244147548895237154e-01 -8.514629556558293011e-01 0.000000000000000000e+00 8.426138162612915039e-01 8.514629556558293011e-01 -5.244147548895237154e-01 0.000000000000000000e+00 1.244483143091201782e-01 0.000000000000000000e+00 0.000000000000000000e+00 1.000000000000000000e+00 0.000000000000000000e+00
-6.722851214507943318e-01 -7.402923175853513005e-01 0.000000000000000000e+00 6.893206834793090820e-01 7.402923175853513005e-01 -6.722851214507943318e-01 0.000000000000000000e+00 3.878018856048583984e-01 0.000000000000000000e+00 0.000000000000000000e+00 1.000000000000000000e+00 0.000000000000000000e+00
-8.069262592730417349e-01 -5.906521921533990360e-01 0.000000000000000000e+00 3.151339590549468994e-01 5.906521921533990360e-01 -8.069262592730417349e-01 0.000000000000000000e+00 6.315627098083496094e-01 0.000000000000000000e+00 0.000000000000000000e+00 1.000000000000000000e+00 0.000000000000000000e+00
-8.660645978010867996e-01 -4.999321078262944362e-01 0.000000000000000000e+00 4.401605203747749329e-02 4.999321078262944362e-01 -8.660645978010867996e-01 0.000000000000000000e+00 8.489160537719726562e-01 0.000000000000000000e+00 0.000000000000000000e+00 1.000000000000000000e+00 0.000000000000000000e+00
9.225394660700493299e-01 3.859027514066055153e-01 0.000000000000000000e+00 -3.866023421287536621e-01 -3.859027514066055153e-01 9.225394660700493299e-01 0.000000000000000000e+00 1.037991166114807129e+00 0.000000000000000000e+00 0.000000000000000000e+00 1.000000000000000000e+00 0.000000000000000000e+00
9.499975323638730762e-01 3.122574074422444501e-01 0.000000000000000000e+00 -7.821688055992126465e-01 -3.122574074422444501e-01 9.499975323638730762e-01 0.000000000000000000e+00 1.117360830307006836e+00 0.000000000000000000e+00 0.000000000000000000e+00 1.000000000000000000e+00 0.000000000000000000e+00
9.668938979199929173e-01 2.551787416010242171e-01 0.000000000000000000e+00 -1.243243336677551270e+00 -2.551787416010242171e-01 9.668938979199929173e-01 0.000000000000000000e+00 1.221309185028076172e+00 0.000000000000000000e+00 0.000000000000000000e+00 1.000000000000000000e+00 0.000000000000000000e+00
9.924491145089261446e-01 1.226570630271583556e-01 0.000000000000000000e+00 -1.821843624114990234e+00 -1.226570630271583556e-01 9.924491145089261446e-01 0.000000000000000000e+00 1.294813752174377441e+00 0.000000000000000000e+00 0.000000000000000000e+00 1.000000000000000000e+00 0.000000000000000000e+00
9.913691337865379039e-01 -1.311001166106633420e-01 0.000000000000000000e+00 -2.066760063171386719e+00 1.311001166106633420e-01 9.913691337865379039e-01 0.000000000000000000e+00 1.211197376251220703e+00 0.000000000000000000e+00 0.000000000000000000e+00 1.000000000000000000e+00 0.000000000000000000e+00
9.533244068333718291e-01 -3.019479679279192252e-01 0.000000000000000000e+00 -2.418933868408203125e+00 3.019479679279192252e-01 9.533244068333718291e-01 0.000000000000000000e+00 1.074058890342712402e+00 0.000000000000000000e+00 0.000000000000000000e+00 1.000000000000000000e+00 0.000000000000000000e+00
8.695834656871467283e-01 -4.937859821861400045e-01 0.000000000000000000e+00 -2.864065170288085938e+00 4.937859821861400045e-01 8.695834656871467283e-01 0.000000000000000000e+00 6.833865642547607422e-01 0.000000000000000000e+00 0.000000000000000000e+00 1.000000000000000000e+00 0.000000000000000000e+00
8.279483774074518632e-01 -5.608043191242090275e-01 0.000000000000000000e+00 -3.379319667816162109e+00 5.608043191242090275e-01 8.279483774074518632e-01 0.000000000000000000e+00 3.838095664978027344e-01 0.000000000000000000e+00 0.000000000000000000e+00 1.000000000000000000e+00 0.000000000000000000e+00
7.624577832157098944e-01 -6.470379655119052886e-01 0.000000000000000000e+00 -3.618906259536743164e+00 6.470379655119052886e-01 7.624577832157098944e-01 0.000000000000000000e+00 2.868369817733764648e-01 0.000000000000000000e+00 0.000000000000000000e+00 1.000000000000000000e+00 0.000000000000000000e+00
-6.785951722009246900e-01 7.345124861196011823e-01 0.000000000000000000e+00 -3.880668878555297852e+00 -7.345124861196011823e-01 -6.785951722009246900e-01 0.000000000000000000e+00 -1.907968372106552124e-01 0.000000000000000000e+00 0.000000000000000000e+00 1.000000000000000000e+00 0.000000000000000000e+00
